100 1000 3024

59 12 81 25 82 22 16 39 23 15 93 44 20 15 78 1 33 41 44 83 73 48 12 45 22 90 35 23 55 63 67 36 37 91 39 66 8 95 61 53 55 32 60 93 86 74 53 8 96 48 62 85 39 32 28 42 54 23 75 53 61 10 63 15 15 23 80 54 22 98 16 24 94 15 13 65 76 43 95 92 86 40 73 20 8 32 72 7 55 38 76 58 75 96 23 10 79 31 49 88

88 51 8 19 39 60 65 88 3 96 17 26 95 88 13 20 57 14 59 29 64 65 77 75 99 60 13 51 17 88 89 60 1 67 35 53 99 39 38 28 19 84 60 22 11 94 81 40 17 63 23 30 55 7 23 21 5 64 25 9 66 25 94 95 88 6 66 86 19 76 100 99 78 17 23 41 82 42 95 62 18 72 23 93 44 80 37 31 67 98 51 95 1 36 14 62 16 36 63 37

 15 21 
 13 88 
 7 17 
 26 30 
 24 97 
 55 75 
 15 39 
 59 73 
 47 71 
 28 67 
 17 67 
 36 80 
 59 82 
 55 93 
 28 76 
 5 74 
 17 76 
 9 72 
 9 63 
 58 95 
 11 23 
 9 90 
 50 91 
 62 74 
 81 87 
 2 32 
 2 50 
 51 64 
 54 97 
 32 60 
 3 24 
 51 73 
 74 75 
 25 61 
 35 65 
 13 65 
 3 42 
 51 91 
 16 70 
 7 12 
 36 57 
 28 53 
 7 30 
 36 66 
 47 84 
 48 49 
 5 78 
 6 43 
 80 81 
 77 94 
 9 76 
 29 45 
 48 58 
 40 63 
 27 93 
 42 91 
 73 78 
 62 78 
 81 100 
 20 81 
 31 81 
 62 96 
 23 77 
 20 90 
 31 99 
 87 98 
 35 69 
 4 100 
 36 43 
 17 39 
 35 87 
 65 88 
 17 48 
 47 61 
 17 57 
 28 57 
 47 70 
 9 53 
 36 70 
 17 66 
 6 29 
 21 27 
 17 75 
 69 76 
 50 72 
 5 82 
 58 85 
 27 79 
 30 84 
 19 84 
 27 97 
 30 93 
 54 60 
 39 71 
 2 31 
 62 82 
 23 72 
 20 85 
 4 68 
 84 88 
 51 63 
 13 46 
 32 50 
 32 59 
 1 53 
 14 32 
 51 81 
 13 64 
 17 25 
 17 34 
 16 78 
 57 79 
 46 79 
 1 89 
 46 88 
 17 52 
 36 65 
 38 84 
 17 61 
 5 59 
 28 61 
 15 91 
 49 93 
 21 22 
 6 33 
 15 100 
 69 80 
 7 96 
 77 93 
 21 40 
 50 76 
 27 74 
 8 70 
 42 72 
 61 85 
 8 79 
 50 94 
 61 94 
 30 88 
 31 53 
 20 53 
 19 88 
 30 97 
 83 100 
 31 62 
 62 77 
 23 58 
 12 58 
 20 71 
 12 67 
 23 76 
 20 89 
 43 54 
 14 18 
 13 50 
 53 86 
 23 94 
 35 59 
 32 72 
 56 91 
 16 55 
 45 100 
 17 29 
 5 27 
 37 96 
 65 78 
 9 25 
 28 38 
 38 70 
 76 96 
 38 79 
 9 52 
 38 88 
 5 63 
 26 86 
 9 61 
 50 62 
 58 75 
 61 71 
 50 71 
 42 76 
 19 83 
 2 12 
 62 63 
 12 44 
 2 21 
 75 91 
 41 98 
 12 71 
 1 34 
 31 84 
 43 49 
 13 36 
 23 80 
 35 45 
 43 58 
 72 94 
 4 76 
 53 90 
 87 92 
 64 90 
 56 86 
 1 52 
 16 59 
 46 60 
 57 60 
 36 37 
 65 73 
 9 20 
 34 95 
 76 82 
 49 65 
 68 78 
 5 40 
 6 14 
 5 58 
 26 90 
 90 93 
 27 55 
 7 86 
 7 95 
 27 73 
 11 56 
 20 34 
 42 80 
 19 78 
 31 43 
 91 94 
 23 39 
 30 78 
 60 88 
 19 87 
 19 96 
 94 99 
 43 44 
 25 94 
 84 91 
 64 85 
 53 85 
 5 8 
 53 94 
 34 90 
 46 55 
 17 19 
 3 84 
 65 68 
 5 17 
 65 77 
 9 24 
 37 95 
 28 37 
 5 35 
 17 37 
 46 73 
 14 93 
 49 78 
 6 18 
 38 87 
 58 65 
 26 94 
 50 61 
 90 97 
 82 93 
 63 89 
 63 98 
 19 73 
 20 38 
 30 82 
 31 47 
 4 30 
 4 39 
 23 61 
 53 62 
 25 89 
 45 67 
 35 44 
 1 51 
 37 72 
 45 85 
 16 49 
 53 98 
 56 94 
 57 59 
 65 72 
 15 53 
 14 88 
 26 62 
 68 77 
 18 58 
 5 39 
 38 82 
 15 80 
 90 92 
 11 37 
 7 85 
 8 50 
 71 88 
 42 52 
 30 50 
 19 59 
 48 95 
 71 97 
 29 91 
 8 59 
 19 68 
 30 68 
 39 46 
 23 29 
 21 96 
 60 78 
 52 74 
 83 89 
 12 47 
 1 10 
 44 79 
 53 57 
 4 52 
 34 53 
 72 79 
 44 97 
 1 37 
 2 91 
 34 71 
 2 100 
 37 67 
 34 80 
 22 78 
 37 76 
 34 89 
 46 54 
 65 67 
 9 14 
 97 99 
 57 63 
 5 25 
 86 99 
 15 66 
 26 66 
 27 31 
 7 62 
 70 100 
 15 75 
 26 75 
 7 71 
 30 36 
 19 36 
 71 74 
 11 32 
 98 100 
 8 45 
 71 83 
 90 96 
 29 77 
 18 89 
 30 54 
 29 86 
 40 86 
 8 63 
 4 11 
 60 73 
 4 20 
 41 69 
 23 33 
 52 69 
 21 100 
 33 65 
 12 42 
 10 72 
 44 83 
 4 47 
 41 96 
 72 74 
 85 93 
 74 93 
 22 55 
 3 51 
 64 70 
 45 66 
 16 30 
 25 97 
 34 75 
 5 11 
 14 78 
 18 39 
 89 90 
 78 90 
 89 99 
 18 57 
 15 70 
 8 31 
 11 27 
 19 40 
 71 78 
 90 91 
 63 74 
 79 91 
 8 40 
 29 72 
 63 83 
 48 94 
 60 68 
 4 15 
 52 64 
 41 64 
 23 28 
 33 60 
 4 24 
 23 37 
 44 69 
 4 33 
 2 63 
 25 65 
 44 78 
 22 41 
 25 74 
 74 88 
 45 52 
 44 96 
 56 61 
 37 57 
 43 100 
 14 64 
 22 77 
 13 96 
 37 75 
 70 72 
 18 34 
 18 43 
 70 90 
 8 17 
 47 88 
 8 26 
 19 35 
 71 73 
 9 89 
 29 67 
 71 82 
 6 74 
 82 91 
 40 85 
 6 83 
 12 14 
 29 94 
 52 59 
 60 72 
 44 55 
 4 19 
 33 55 
 10 62 
 41 77 
 52 77 
 22 36 
 34 38 
 34 47 
 10 89 
 22 54 
 45 56 
 2 85 
 14 50 
 43 95 
 37 61 
 67 71 
 35 100 
 78 80 
 26 42 
 78 89 
 59 85 
 8 12 
 17 79 
 36 92 
 47 92 
 8 30 
 29 62 
 6 60 
 21 58 
 11 35 
 40 89 
 14 56 
 44 59 
 39 93 
 2 53 
 10 66 
 22 31 
 14 27 
 10 75 
 74 78 
 37 38 
 93 100 
 2 80 
 37 47 
 51 94 
 13 77 
 7 15 
 16 82 
 1 93 
 18 24 
 47 60 
 36 60 
 70 71 
 59 71 
 78 84 
 7 42 
 17 74 
 29 39 
 36 87 
 77 88 
 5 81 
 47 96 
 19 25 
 11 21 
 21 71 
 6 82 
 10 43 
 6 91 
 41 58 
 54 77 
 52 58 
 44 54 
 62 90 
 4 9 
 20 84 
 62 99 
 39 97 
 34 37 
 12 89 
 51 71 
 66 69 
 12 98 
 2 75 
 37 42 
 74 91 
 35 72 
 3 49 
 1 79 
 1 88 
 18 19 
 17 51 
 17 60 
 5 67 
 36 82 
 29 43 
 5 85 
 80 88 
 40 52 
 5 94 
 80 97 
 6 59 
 21 57 
 2 34 
 44 49 
 20 79 
 39 92 
 23 84 
 51 66 
 54 99 
 84 100 
 43 62 
 12 93 
 74 77 
 13 67 
 32 89 
 43 89 
 16 81 
 17 46 
 24 94 
 7 23 
 9 42 
 59 70 
 9 51 
 17 64 
 9 69 
 17 82 
 5 89 
 69 92 
 27 86 
 50 88 
 8 91 
 39 69 
 81 93 
 31 74 
 20 83 
 54 85 
 39 96 
 12 79 
 2 56 
 3 21 
 32 57 
 43 66 
 66 68 
 12 97 
 87 100 
 24 62 
 23 97 
 32 75 
 35 62 
 17 32 
 1 78 
 76 81 
 17 41 
 1 87 
 88 92 
 28 50 
 28 59 
 17 59 
 38 91 
 49 91 
 6 40 
 50 74 
 42 70 
 80 96 
 19 77 
 2 6 
 50 92 
 10 19 
 62 66 
 10 28 
 42 97 
 31 60 
 54 62 
 10 37 
 20 69 
 31 69 
 62 84 
 2 33 
 39 82 
 20 78 
 39 91 
 32 52 
 84 90 
 14 16 
 3 25 
 14 25 
 13 57 
 43 70 
 4 97 
 36 40 
 16 71 
 46 72 
 28 45 
 88 96 
 9 41 
 46 90 
 68 90 
 57 99 
 6 35 
 77 86 
 21 33 
 80 82 
 42 65 
 50 78 
 58 91 
 42 74 
 61 96 
 39 59 
 27 94 
 30 90 
 83 93 
 19 90 
 10 32 
 12 51 
 60 100 
 20 64 
 39 77 
 31 64 
 31 73 
 39 86 
 20 82 
 23 78 
 84 94 
 16 39 
 24 52 
 34 84 
 1 59 
 17 22 
 16 66 
 46 67 
 28 31 
 36 44 
 76 80 
 49 72 
 38 72 
 17 49 
 9 36 
 38 81 
 46 94 
 26 97 
 79 100 
 90 100 
 18 93 
 19 58 
 42 60 
 80 86 
 27 80 
 91 92 
 8 85 
 83 88 
 19 85 
 23 46 
 12 46 
 20 59 
 54 61 
 60 95 
 31 59 
 11 90 
 41 100 
 1 27 
 31 77 
 33 96 
 16 34 
 4 78 
 16 43 
 64 92 
 24 56 
 46 62 
 36 39 
 38 58 
 49 58 
 57 71 
 28 35 
 76 84 
 9 31 
 14 100 
 57 80 
 28 44 
 6 7 
 46 89 
 6 25 
 42 46 
 26 92 
 79 95 
 50 68 
 7 97 
 30 62 
 8 62 
 20 27 
 27 75 
 20 36 
 31 36 
 39 49 
 19 80 
 60 81 
 2 9 
 31 45 
 30 89 
 83 92 
 11 85 
 11 94 
 41 95 
 13 24 
 12 59 
 4 55 
 12 68 
 1 31 
 32 46 
 45 65 
 35 51 
 72 100 
 45 83 
 5 10 
 16 47 
 37 79 
 49 53 
 76 79 
 26 60 
 15 60 
 57 75 
 68 75 
 67 98 
 49 71 
 26 69 
 57 84 
 15 78 
 7 74 
 27 52 
 42 50 
 79 99 
 7 92 
 82 95 
 19 57 
 30 66 
 19 66 
 12 36 
 31 49 
 4 32 
 11 80 
 20 49 
 20 58 
 4 41 
 23 54 
 13 19 
 44 86 
 24 28 
 1 26 
 25 82 
 53 73 
 13 37 
 72 86 
 22 67 
 35 37 
 64 82 
 1 44 
 45 78 
 38 39 
 45 87 
 14 81 
 38 48 
 56 96 
 49 57 
 57 70 
 18 60 
 59 98 
 27 38 
 19 34 
 27 47 
 71 81 
 19 43 
 27 56 
 48 88 
 29 84 
 8 61 
 20 26 
 12 22 
 21 89 
 75 78 
 23 40 
 1 3 
 60 89 
 52 85 
 25 68 
 12 49 
 60 98 
 33 99 
 74 100 
 34 64 
 2 93 
 1 39 
 45 64 
 64 86 
 34 82 
 5 9 
 46 47 
 3 76 
 26 41 
 22 89 
 46 56 
 5 18 
 9 16 
 38 52 
 15 59 
 89 97 
 36 91 
 49 70 
 27 33 
 18 64 
 15 77 
 26 77 
 18 73 
 30 38 
 27 51 
 30 47 
 79 98 
 63 81 
 90 98 
 19 56 
 40 88 
 52 53 
 21 84 
 63 99 
 41 62 
 44 67 
 41 80 
 75 82 
 25 63 
 4 40 
 33 85 
 45 50 
 53 63 
 44 94 
 22 57 
 25 90 
 45 68 
 22 66 
 32 98 
 15 27 
 45 77 
 15 36 
 46 51 
 7 32 
 15 54 
 67 92 
 70 88 
 8 15 
 18 59 
 59 97 
 11 20 
 7 68 
 9 87 
 29 74 
 63 76 
 30 51 
 48 87 
 19 51 
 29 83 
 20 25 
 29 92 
 12 21 
 41 57 
 52 57 
 40 92 
 33 53 
 12 30 
 21 97 
 62 98 
 10 60 
 41 75 
 52 75 
 60 79 
 22 34 
 41 84 
 44 80 
 22 43 
 34 45 
 3 39 
 74 90 
 56 63 
 85 99 
 2 92 
 15 31 
 18 27 
 14 75 
 55 76 
 26 40 
 15 40 
 7 27 
 38 42 
 36 72 
 97 100 
 47 81 
 89 96 
 28 77 
 15 58 
 9 82 
 48 64 
 29 69 
 9 100 
 40 78 
 29 78 
 4 12 
 44 48 
 21 92 
 62 93 
 33 57 
 2 60 
 10 73 
 33 75 
 2 69 
 66 72 
 10 82 
 45 49 
 25 80 
 66 81 
 3 43 
 32 79 
 37 54 
 66 90 
 43 88 
 7 13 
 32 97 
 96 100 
 66 99 
 16 89 
 15 44 
 78 82 
 59 78 
 47 76 
 89 91 
 17 72 
 9 68 
 17 90 
 9 86 
 11 28 
 63 75 
 6 89 
 4 16 
 44 52 
 41 65 
 10 59 
 22 24 
 62 97 
 25 57 
 3 20 
 10 68 
 54 93 
 25 66 
 12 96 
 66 76 
 3 38 
 14 47 
 7 8 
 43 92 

