100 4000 2449

14 84 83 93 24 86 22 72 9 59 61 22 96 68 73 91 5 48 19 47 44 74 29 96 15 22 17 39 15 62 8 27 54 97 9 30 7 56 60 74 95 22 18 73 98 1 83 69 84 12 71 37 49 9 4 8 43 54 23 15 41 21 98 90 15 90 80 45 86 40 91 7 51 77 66 79 40 93 65 6 24 100 28 92 59 66 25 47 4 89 38 16 86 100 4 66 82 52 5 82

79 81 64 94 37 44 65 96 41 57 53 67 6 60 23 99 21 32 6 11 97 82 91 84 11 90 50 100 32 52 29 38 43 5 17 56 44 75 26 22 23 8 45 89 13 90 22 63 69 9 63 16 61 88 25 96 81 40 59 57 8 5 55 46 36 60 19 16 40 38 97 25 25 77 28 69 78 100 42 99 16 37 94 76 7 96 34 9 61 72 8 46 39 42 73 6 14 62 46 1

 13 88 
 24 97 
 16 93 
 17 58 
 36 71 
 55 84 
 28 67 
 29 32 
 8 9 
 40 41 
 5 83 
 6 48 
 11 14 
 17 94 
 58 95 
 9 90 
 29 68 
 61 100 
 40 77 
 41 42 
 73 74 
 6 84 
 25 34 
 39 81 
 44 47 
 10 54 
 3 15 
 22 28 
 54 97 
 14 24 
 74 75 
 66 71 
 32 78 
 51 91 
 24 74 
 43 87 
 16 70 
 36 48 
 15 25 
 55 61 
 1 90 
 88 95 
 7 21 
 18 30 
 5 60 
 70 77 
 17 71 
 36 84 
 9 67 
 77 85 
 28 80 
 29 45 
 21 41 
 80 90 
 5 96 
 6 61 
 10 31 
 42 100 
 2 27 
 81 91 
 54 74 
 73 87 
 25 47 
 20 81 
 12 77 
 32 55 
 23 86 
 51 68 
 43 64 
 35 60 
 14 37 
 1 67 
 66 84 
 13 78 
 32 91 
 24 87 
 65 88 
 16 83 
 17 48 
 35 96 
 76 97 
 9 44 
 68 93 
 47 70 
 5 73 
 6 38 
 58 85 
 9 80 
 50 81 
 77 98 
 69 94 
 42 77 
 61 90 
 21 54 
 27 97 
 11 89 
 39 71 
 31 67 
 10 44 
 2 40 
 3 5 
 62 91 
 54 87 
 20 94 
 13 55 
 4 86 
 32 68 
 24 64 
 64 100 
 43 77 
 16 60 
 35 73 
 36 38 
 28 34 
 1 80 
 7 11 
 5 50 
 46 88 
 6 15 
 57 97 
 17 61 
 58 62 
 9 57 
 50 58 
 49 93 
 29 35 
 15 100 
 21 31 
 61 67 
 7 96 
 52 98 
 6 51 
 39 48 
 58 98 
 30 79 
 50 94 
 91 95 
 10 21 
 2 17 
 8 97 
 94 100 
 73 77 
 20 71 
 39 84 
 12 67 
 31 80 
 32 45 
 4 63 
 51 58 
 24 41 
 23 76 
 43 54 
 16 37 
 84 92 
 3 18 
 4 55 
 1 57 
 34 91 
 13 68 
 4 99 
 45 100 
 5 27 
 37 96 
 16 73 
 57 74 
 76 87 
 36 51 
 68 83 
 88 98 
 5 63 
 6 28 
 58 75 
 50 71 
 69 84 
 61 80 
 80 93 
 8 74 
 27 87 
 19 83 
 20 48 
 39 61 
 12 44 
 30 92 
 31 57 
 11 79 
 23 53 
 2 30 
 1 34 
 12 80 
 53 81 
 13 45 
 32 58 
 72 94 
 24 54 
 64 90 
 16 50 
 56 86 
 9 11 
 22 93 
 1 70 
 5 40 
 65 91 
 38 74 
 57 87 
 49 83 
 68 96 
 42 44 
 15 90 
 7 86 
 26 99 
 27 64 
 18 95 
 11 56 
 30 69 
 31 34 
 10 11 
 42 80 
 2 7 
 8 87 
 19 96 
 20 61 
 11 92 
 12 57 
 52 93 
 13 22 
 32 35 
 31 70 
 4 53 
 64 67 
 43 44 
 16 27 
 35 40 
 1 47 
 34 81 
 53 94 
 45 90 
 5 17 
 46 55 
 37 86 
 65 68 
 56 99 
 17 28 
 57 64 
 3 93 
 76 77 
 49 60 
 28 37 
 68 73 
 9 24 
 15 67 
 27 41 
 6 18 
 18 72 
 38 87 
 79 88 
 58 65 
 30 46 
 50 61 
 90 97 
 82 93 
 42 57 
 61 70 
 7 99 
 48 100 
 8 64 
 27 77 
 19 73 
 20 38 
 60 74 
 39 51 
 12 34 
 30 82 
 31 47 
 11 69 
 91 98 
 83 94 
 75 90 
 41 97 
 1 24 
 33 93 
 34 58 
 53 71 
 13 35 
 72 84 
 45 67 
 4 66 
 24 44 
 37 63 
 64 80 
 16 40 
 3 70 
 22 83 
 14 79 
 34 94 
 26 53 
 46 68 
 5 30 
 37 99 
 78 100 
 38 64 
 57 77 
 49 73 
 15 80 
 26 89 
 27 54 
 19 50 
 71 97 
 30 59 
 29 100 
 21 96 
 41 74 
 20 51 
 33 70 
 12 47 
 52 83 
 44 79 
 4 43 
 23 56 
 10 86 
 16 17 
 22 60 
 1 37 
 34 71 
 53 84 
 45 80 
 37 76 
 38 41 
 56 89 
 3 83 
 49 50 
 9 14 
 22 96 
 14 92 
 15 57 
 7 53 
 26 66 
 27 31 
 59 100 
 18 62 
 30 36 
 71 74 
 50 51 
 63 70 
 82 83 
 42 47 
 8 54 
 40 86 
 19 63 
 20 28 
 60 64 
 6 93 
 11 59 
 52 60 
 31 37 
 12 24 
 83 84 
 75 80 
 1 14 
 33 83 
 52 96 
 53 61 
 25 79 
 85 93 
 64 70 
 37 53 
 10 99 
 56 66 
 16 30 
 3 60 
 22 73 
 14 69 
 15 34 
 67 81 
 26 43 
 46 58 
 18 39 
 59 77 
 78 90 
 38 54 
 89 99 
 36 93 
 15 70 
 7 66 
 48 67 
 8 31 
 27 44 
 18 75 
 19 40 
 79 91 
 11 36 
 30 49 
 71 87 
 82 96 
 21 86 
 40 99 
 33 60 
 12 37 
 52 73 
 44 69 
 4 33 
 10 76 
 2 72 
 14 46 
 34 61 
 25 92 
 66 93 
 45 70 
 37 66 
 32 100 
 3 73 
 14 82 
 55 83 
 47 79 
 7 43 
 26 56 
 67 94 
 59 90 
 11 13 
 70 99 
 17 93 
 9 89 
 48 80 
 8 44 
 21 63 
 40 76 
 6 83 
 11 49 
 4 10 
 44 46 
 21 99 
 62 100 
 41 77 
 54 96 
 33 73 
 34 38 
 25 69 
 44 82 
 37 43 
 2 85 
 3 50 
 22 63 
 14 59 
 15 24 
 7 20 
 26 33 
 67 71 
 13 100 
 18 29 
 59 67 
 78 80 
 70 76 
 36 83 
 55 96 
 28 79 
 47 92 
 7 56 
 40 53 
 5 95 
 92 100 
 11 26 
 71 77 
 6 60 
 63 73 
 29 80 
 21 76 
 40 89 
 81 90 
 60 67 
 33 50 
 6 96 
 52 63 
 25 46 
 73 86 
 44 59 
 39 93 
 10 66 
 3 27 
 22 40 
 14 36 
 74 87 
 34 51 
 93 100 
 66 83 
 85 96 
 13 77 
 32 90 
 37 56 
 43 99 
 16 82 
 3 63 
 36 60 
 15 37 
 55 73 
 47 69 
 67 84 
 26 46 
 18 42 
 59 80 
 5 72 
 70 89 
 17 83 
 36 96 
 77 97 
 28 92 
 69 93 
 48 70 
 21 53 
 6 73 
 10 43 
 2 39 
 62 90 
 54 86 
 33 63 
 25 59 
 20 93 
 12 89 
 32 67 
 23 98 
 51 80 
 2 75 
 43 76 
 3 40 
 22 53 
 35 72 
 14 49 
 1 79 
 66 96 
 13 90 
 18 19 
 24 99 
 65 100 
 16 95 
 36 73 
 9 56 
 55 86 
 28 69 
 29 34 
 47 82 
 8 11 
 40 43 
 5 85 
 11 16 
 58 97 
 9 92 
 50 93 
 10 20 
 21 66 
 62 67 
 8 96 
 41 44 
 33 40 
 25 36 
 39 83 
 44 49 
 31 79 
 10 56 
 51 57 
 2 52 
 3 17 
 22 30 
 54 99 
 95 100 
 74 77 
 66 73 
 85 86 
 13 67 
 4 98 
 51 93 
 24 76 
 43 89 
 36 50 
 1 92 
 7 23 
 88 97 
 59 70 
 5 62 
 6 27 
 38 96 
 58 74 
 28 82 
 29 47 
 21 43 
 80 92 
 40 56 
 27 86 
 6 63 
 30 91 
 10 33 
 2 29 
 62 80 
 81 93 
 54 76 
 73 89 
 20 83 
 12 79 
 31 92 
 4 75 
 32 57 
 23 88 
 3 30 
 43 66 
 35 62 
 1 69 
 13 80 
 24 89 
 16 85 
 57 86 
 17 50 
 36 63 
 9 46 
 76 99 
 28 59 
 68 95 
 47 72 
 26 98 
 5 75 
 6 40 
 77 100 
 50 83 
 69 96 
 42 79 
 2 6 
 61 92 
 8 86 
 27 99 
 19 95 
 25 26 
 20 60 
 39 73 
 31 69 
 32 34 
 2 42 
 3 7 
 35 39 
 54 89 
 14 16 
 20 96 
 12 92 
 13 57 
 53 93 
 4 88 
 32 70 
 24 66 
 43 79 
 56 98 
 17 27 
 35 75 
 36 40 
 9 23 
 16 62 
 28 36 
 1 82 
 47 49 
 46 90 
 6 17 
 5 52 
 38 86 
 57 99 
 58 64 
 49 95 
 9 59 
 69 73 
 29 37 
 61 69 
 21 33 
 80 82 
 27 76 
 19 72 
 39 50 
 31 46 
 50 96 
 10 23 
 91 97 
 42 92 
 2 19 
 83 93 
 62 70 
 8 99 
 54 66 
 20 73 
 39 86 
 12 69 
 13 34 
 31 82 
 32 47 
 72 83 
 23 78 
 24 43 
 51 60 
 43 56 
 16 39 
 35 52 
 87 99 
 1 59 
 34 93 
 46 67 
 5 29 
 37 98 
 65 80 
 16 75 
 57 76 
 17 40 
 76 89 
 9 36 
 49 72 
 28 49 
 15 79 
 26 88 
 18 84 
 6 30 
 38 99 
 79 100 
 50 73 
 69 86 
 42 69 
 61 82 
 8 76 
 27 89 
 19 85 
 20 50 
 11 81 
 39 63 
 12 46 
 31 59 
 23 55 
 1 36 
 12 82 
 53 83 
 13 47 
 4 78 
 45 79 
 16 52 
 9 13 
 14 91 
 5 42 
 6 7 
 65 93 
 38 76 
 46 80 
 57 89 
 68 98 
 42 46 
 15 92 
 21 23 
 7 88 
 8 53 
 27 66 
 18 97 
 19 62 
 39 40 
 11 58 
 31 36 
 10 13 
 23 32 
 2 9 
 54 56 
 41 86 
 20 63 
 11 94 
 12 59 
 13 24 
 52 95 
 32 37 
 72 73 
 53 60 
 64 69 
 24 33 
 43 46 
 10 98 
 16 29 
 35 42 
 23 68 
 87 89 
 53 96 
 45 92 
 46 57 
 5 19 
 65 70 
 38 53 
 37 88 
 57 66 
 17 30 
 3 95 
 68 75 
 15 69 
 27 43 
 6 20 
 79 90 
 30 48 
 50 63 
 90 99 
 42 59 
 8 66 
 40 98 
 19 75 
 60 76 
 11 71 
 12 36 
 39 53 
 4 32 
 23 45 
 83 96 
 75 92 
 41 99 
 1 26 
 33 95 
 34 60 
 53 73 
 25 91 
 13 37 
 64 82 
 37 65 
 56 78 
 16 42 
 3 72 
 22 85 
 14 81 
 15 46 
 34 96 
 26 55 
 67 93 
 5 32 
 46 70 
 38 66 
 70 98 
 49 75 
 15 82 
 7 78 
 8 43 
 26 91 
 27 56 
 18 87 
 19 52 
 11 48 
 12 13 
 71 99 
 30 61 
 21 98 
 1 3 
 60 89 
 33 72 
 52 85 
 25 68 
 13 14 
 44 81 
 45 46 
 12 49 
 10 88 
 2 84 
 22 62 
 1 39 
 14 58 
 34 73 
 45 82 
 46 47 
 5 9 
 37 78 
 38 43 
 78 79 
 3 85 
 49 52 
 22 98 
 9 16 
 14 94 
 15 59 
 7 55 
 8 20 
 26 68 
 27 33 
 19 29 
 79 80 
 30 38 
 71 76 
 63 72 
 42 49 
 29 79 
 48 92 
 8 56 
 40 88 
 41 53 
 20 30 
 60 66 
 11 61 
 52 62 
 6 95 
 31 39 
 4 22 
 23 35 
 10 65 
 75 82 
 1 16 
 33 85 
 34 50 
 25 81 
 93 99 
 44 94 
 45 59 
 85 95 
 64 72 
 53 63 
 56 68 
 2 97 
 22 75 
 14 71 
 15 36 
 7 32 
 86 96 
 59 79 
 78 92 
 38 56 
 28 91 
 7 68 
 48 69 
 27 46 
 40 65 
 30 51 
 71 89 
 29 92 
 21 88 
 41 66 
 60 79 
 33 62 
 52 75 
 25 58 
 44 71 
 4 35 
 10 78 
 3 39 
 22 52 
 14 48 
 34 63 
 66 95 
 37 68 
 24 98 
 3 75 
 36 72 
 15 49 
 55 85 
 7 45 
 47 81 
 26 58 
 67 96 
 8 10 
 18 54 
 59 92 
 11 15 
 17 95 
 9 91 
 48 82 
 21 65 
 40 78 
 41 43 
 6 85 
 12 16 
 44 48 
 4 12 
 10 55 
 2 51 
 22 29 
 1 6 
 54 98 
 33 75 
 74 76 
 34 40 
 66 72 
 45 49 
 32 79 
 37 45 
 56 58 
 51 92 
 2 87 
 3 52 
 22 65 
 35 84 
 14 61 
 15 26 
 55 62 
 96 100 
 26 35 
 59 69 
 18 31 
 78 82 
 70 78 
 89 91 
 17 72 
 36 85 
 9 68 
 55 98 
 47 94 
 8 23 
 48 59 
 40 55 
 5 97 
 6 62 
 63 75 
 29 82 
 21 78 
 62 79 
 41 56 
 81 92 
 73 88 
 33 52 
 52 65 
 39 95 
 10 68 
 51 69 
 2 64 
 3 29 
 22 42 
 14 38 
 66 85 
 85 98 
 13 79 
 32 92 
 24 88 
 16 84 
 35 97 
 36 62 
 55 75 
 15 39 
 28 58 
 18 44 
 5 74 
 17 85 
 58 86 
 9 81 
 28 94 
 69 95 
 48 72 
 21 55 
 61 91 
 40 68 
 6 75 
 10 45 
 2 41 
 3 6 
 62 92 
 54 88 
 14 15 
 25 61 
 12 91 
 4 87 
 32 69 
 51 82 
 24 65 
 23 100 
 3 42 
 35 74 
 14 51 
 15 16 
 1 81 
 7 12 
 47 48 
 13 92 
 18 21 
 16 97 
 57 98 
 36 75 
 9 58 
 28 71 
 47 84 
 48 49 
 5 87 
 6 52 
 58 99 
 50 95 
 10 22 
 42 91 
 81 82 
 8 98 
 54 65 
 33 42 
 25 38 
 20 72 
 44 51 
 39 85 
 23 77 
 51 59 
 84 93 
 3 19 
 22 32 
 14 28 
 74 79 
 87 98 
 32 82 
 24 78 
 43 91 
 16 74 
 17 39 
 35 87 
 76 88 
 55 65 
 28 48 
 47 61 
 5 64 
 38 98 
 17 75 
 58 76 
 9 71 
 50 72 
 69 85 
 29 49 
 21 45 
 80 94 
 27 88 
 6 65 
 19 84 
 39 62 
 30 93 
 10 35 
 2 31 
 73 91 
 20 85 
 12 81 
 13 46 
 31 94 
 4 77 
 72 95 
 23 90 
 24 55 
 51 72 
 43 68 
 16 51 
 1 71 
 13 82 
 46 79 
 5 41 
 57 88 
 17 52 
 9 48 
 68 97 
 28 61 
 15 91 
 21 22 
 5 77 
 18 96 
 50 85 
 10 12 
 69 98 
 42 81 
 2 8 
 61 94 
 8 88 
 19 97 
 25 28 
 20 62 
 39 75 
 11 93 
 12 58 
 31 71 
 32 36 
 23 67 
 24 32 
 43 45 
 3 9 
 35 41 
 14 18 
 87 88 
 1 48 
 12 94 
 53 95 
 13 59 
 32 72 
 45 91 
 24 68 
 65 69 
 56 100 
 16 64 
 35 77 
 36 42 
 76 78 
 68 74 
 28 38 
 1 84 
 46 92 
 6 19 
 58 66 
 49 97 
 50 62 
 77 79 
 69 75 
 42 58 
 9 61 
 61 71 
 21 35 
 7 100 
 8 65 
 27 78 
 19 74 
 20 39 
 11 70 
 30 83 
 31 48 
 91 99 
 10 25 
 2 21 
 75 91 
 54 68 
 41 98 
 20 75 
 12 71 
 13 36 
 4 67 
 72 85 
 32 49 
 64 81 
 24 45 
 84 96 
 43 58 
 16 41 
 35 54 
 1 61 
 34 95 
 46 69 
 5 31 
 65 82 
 37 100 
 17 42 
 57 78 
 76 91 
 49 74 
 68 87 
 15 81 
 7 77 
 26 90 
 27 55 
 6 32 
 18 86 
 58 79 
 30 60 
 71 98 
 50 75 
 42 71 
 61 84 
 8 78 
 19 87 
 60 88 
 20 52 
 11 83 
 12 48 
 30 96 
 31 61 
 39 65 
 4 44 
 23 57 
 16 18 
 1 38 
 13 49 
 72 98 
 45 81 
 4 80 
 64 94 
 37 77 
 56 90 
 16 54 
 3 84 
 49 51 
 9 15 
 22 97 
 14 93 
 26 67 
 46 82 
 6 9 
 38 78 
 49 87 
 50 52 
 42 48 
 15 94 
 7 90 
 8 55 
 27 68 
 19 64 
 20 29 
 39 42 
 12 25 
 11 60 
 31 38 
 23 34 
 2 11 
 75 81 
 41 88 
 1 15 
 33 84 
 12 61 
 13 26 
 53 62 
 4 57 
 44 93 
 72 75 
 64 71 
 10 100 
 16 31 
 56 67 
 35 44 
 2 96 
 22 74 
 1 51 
 87 91 
 34 85 
 53 98 
 45 94 
 86 95 
 5 21 
 65 72 
 38 55 
 37 90 
 57 68 
 3 97 
 9 28 
 89 100 
 68 77 
 49 64 
 15 71 
 7 67 
 8 32 
 27 45 
 18 76 
 19 41 
 79 92 
 11 37 
 71 88 
 30 50 
 42 61 
 82 97 
 29 91 
 40 100 
 11 73 
 52 74 
 31 51 
 23 47 
 83 98 
 75 94 
 1 28 
 33 97 
 34 62 
 25 93 
 53 75 
 45 71 
 64 84 
 56 80 
 3 74 
 22 87 
 14 83 
 15 48 
 7 44 
 26 57 
 67 95 
 38 68 
 70 100 
 7 80 
 48 81 
 27 58 
 18 89 
 19 54 
 11 50 
 30 63 
 4 11 
 63 97 
 41 78 
 1 5 
 60 91 
 33 74 
 34 39 
 52 87 
 25 70 
 13 16 
 4 47 
 45 48 
 24 25 
 37 44 
 10 90 
 56 57 
 16 21 
 3 51 
 14 60 
 34 75 
 26 34 
 5 11 
 78 81 
 38 45 
 57 58 
 3 87 
 89 90 
 14 96 
 15 61 
 55 97 
 47 93 
 8 22 
 26 70 
 27 35 
 18 66 
 19 31 
 79 82 
 11 27 
 30 40 
 71 78 
 90 91 
 63 74 
 82 87 
 29 81 
 48 94 
 21 77 
 40 90 
 41 55 
 20 32 
 6 97 
 52 64 
 12 28 
 44 60 
 4 24 
 23 37 
 10 67 
 2 63 
 22 41 
 1 18 
 33 87 
 74 88 
 25 83 
 53 65 
 44 96 
 45 61 
 37 57 
 56 70 
 2 99 
 3 64 
 22 77 
 14 73 
 55 74 
 15 38 
 26 47 
 86 98 
 18 43 
 59 81 
 78 94 
 70 90 
 17 84 
 36 97 
 28 93 
 29 58 
 8 35 
 48 71 
 40 67 
 19 44 
 6 74 
 11 40 
 29 94 
 41 68 
 33 64 
 73 100 
 52 77 
 25 60 
 44 73 
 2 76 
 3 41 
 22 54 
 14 50 
 66 97 
 18 20 
 24 100 
 16 96 
 36 74 
 55 87 
 28 70 
 47 83 
 8 12 
 7 47 
 18 56 
 59 94 
 19 21 
 5 86 
 17 97 
 63 64 
 9 93 
 29 71 
 48 84 
 21 67 
 40 80 
 41 45 
 33 41 
 6 87 
 52 54 
 25 37 
 44 50 
 10 57 
 2 53 
 22 31 
 54 100 
 34 42 
 74 78 
 25 73 
 45 51 
 37 47 
 51 94 
 24 77 
 43 90 
 3 54 
 14 63 
 15 28 
 55 64 
 1 93 
 7 24 
 26 37 
 67 75 
 18 33 
 59 71 
 70 80 
 17 74 
 36 87 
 77 88 
 28 83 
 47 96 
 21 44 
 40 57 
 5 99 
 11 30 
 10 34 
 21 80 
 41 58 
 81 94 
 73 90 
 33 54 
 25 50 
 20 84 
 44 63 
 39 97 
 31 93 
 10 70 
 51 71 
 2 66 
 3 31 
 22 44 
 14 40 
 13 81 
 32 94 
 24 90 
 16 86 
 17 51 
 35 99 
 36 64 
 55 77 
 47 73 
 5 76 
 6 41 
 17 87 
 9 83 
 29 61 
 69 97 
 21 57 
 61 93 
 40 70 
 27 100 
 6 77 
 39 74 
 10 47 
 3 8 
 62 94 
 54 90 
 14 17 
 20 97 
 13 58 
 32 71 
 4 89 
 51 84 
 24 67 
 3 44 
 43 80 
 16 63 
 35 76 
 36 41 
 15 18 
 1 83 
 47 50 
 7 14 
 13 94 
 18 23 
 5 53 
 46 91 
 16 99 
 57 100 
 17 64 
 36 77 
 77 78 
 49 96 
 9 60 
 69 74 
 29 38 
 28 73 
 21 34 
 40 47 
 80 83 
 5 89 
 6 54 
 92 94 
 50 97 
 10 24 
 42 93 
 2 20 
 62 71 
 81 84 
 54 67 
 33 44 
 25 40 
 39 87 
 12 70 
 31 83 
 23 79 
 51 61 
 2 56 
 3 21 
 84 95 
 35 53 
 14 30 
 87 100 
 1 60 
 66 77 
 13 71 
 24 80 
 65 81 
 16 76 
 35 89 
 36 54 
 9 37 
 55 67 
 28 50 
 1 96 
 47 63 
 68 86 
 5 66 
 6 31 
 38 100 
 9 73 
 50 74 
 29 51 
 42 70 
 69 87 
 21 47 
 61 83 
 8 77 
 19 86 
 11 82 
 39 64 
 30 95 
 10 37 
 62 84 
 54 80 
 20 87 
 12 83 
 13 48 
 31 96 
 4 79 
 23 92 
 51 74 
 64 93 
 43 70 
 16 53 
 17 18 
 35 66 
 1 73 
 46 81 
 6 8 
 65 94 
 38 77 
 5 43 
 57 90 
 17 54 
 49 86 
 9 50 
 68 99 
 15 93 
 21 24 
 27 67 
 30 72 
 50 87 
 10 14 
 42 83 
 61 96 
 8 90 
 54 57 
 19 99 
 60 100 
 20 64 
 11 95 
 12 60 
 13 25 
 31 73 
 4 56 
 23 69 
 3 11 
 43 47 
 35 43 
 87 90 
 34 84 
 53 97 
 13 61 
 45 93 
 5 20 
 24 70 
 65 71 
 37 89 
 17 31 
 57 67 
 3 96 
 76 80 
 9 27 
 28 40 
 68 76 
 88 91 
 36 44 
 26 79 
 46 94 
 6 21 
 5 56 
 38 90 
 58 68 
 77 81 
 90 100 
 69 77 
 42 60 
 80 86 
 8 67 
 27 80 
 20 41 
 39 54 
 11 72 
 30 85 
 31 50 
 23 46 
 83 97 
 2 23 
 75 93 
 54 70 
 41 100 
 1 27 
 20 77 
 33 96 
 12 73 
 53 74 
 4 69 
 72 87 
 23 82 
 64 83 
 32 51 
 84 98 
 16 43 
 35 56 
 22 86 
 1 63 
 34 97 
 5 33 
 46 71 
 38 67 
 57 80 
 76 93 
 9 40 
 49 76 
 68 89 
 7 79 
 26 92 
 27 57 
 19 53 
 71 100 
 30 62 
 50 77 
 42 73 
 19 89 
 60 90 
 20 54 
 39 67 
 52 86 
 12 50 
 11 85 
 4 46 
 13 15 
 16 20 
 1 40 
 53 87 
 5 10 
 64 96 
 46 48 
 37 79 
 56 92 
 17 21 
 3 86 
 49 53 
 28 30 
 14 95 
 15 60 
 26 69 
 27 34 
 46 84 
 18 65 
 6 11 
 38 80 
 49 89 
 50 54 
 82 86 
 15 96 
 61 63 
 42 50 
 7 92 
 48 93 
 27 70 
 19 66 
 20 31 
 11 62 
 39 44 
 30 75 
 31 40 
 4 23 
 23 36 
 83 87 
 75 83 
 94 96 
 41 90 
 33 86 
 52 99 
 13 28 
 25 82 
 44 95 
 45 60 
 72 77 
 24 37 
 64 73 
 53 64 
 56 69 
 16 33 
 2 98 
 4 59 
 22 76 
 14 72 
 5 23 
 46 61 
 37 92 
 78 93 
 38 57 
 57 70 
 86 97 
 3 99 
 49 66 
 68 79 
 15 73 
 8 34 
 26 82 
 18 78 
 19 43 
 79 94 
 11 39 
 30 52 
 63 86 
 82 99 
 21 89 
 20 44 
 11 75 
 52 76 
 12 40 
 44 72 
 4 36 
 23 49 
 10 79 
 75 96 
 1 30 
 34 64 
 53 77 
 25 95 
 45 73 
 64 86 
 37 69 
 56 82 
 3 76 
 22 89 
 14 85 
 15 50 
 7 46 
 26 59 
 18 55 
 19 20 
 17 96 
 7 82 
 8 47 
 40 79 
 19 56 
 20 21 
 11 52 
 12 17 
 6 86 
 4 13 
 63 99 
 23 26 
 41 80 
 1 7 
 60 93 
 33 76 
 52 89 
 25 72 
 13 18 
 53 54 
 37 46 
 10 92 
 56 59 
 16 23 
 2 88 
 3 53 
 22 66 
 14 62 
 67 74 
 46 51 
 5 13 
 18 32 
 86 87 
 78 83 
 70 79 
 49 56 
 36 86 
 15 63 
 55 99 
 47 95 
 48 60 
 8 24 
 27 37 
 7 59 
 19 33 
 5 98 
 11 29 
 79 84 
 30 42 
 71 80 
 63 76 
 29 83 
 21 79 
 40 92 
 41 57 
 60 70 
 33 53 
 52 66 
 12 30 
 4 26 
 44 62 
 10 69 
 22 43 
 1 20 
 33 89 
 34 54 
 74 90 
 66 86 
 45 63 
 85 99 
 37 59 
 32 93 
 3 66 
 14 75 
 55 76 
 7 36 
 67 87 
 26 49 
 59 83 
 18 45 
 78 96 
 70 92 
 17 86 
 36 99 
 28 95 
 29 60 
 8 37 
 21 56 
 48 73 
 6 76 
 11 42 
 10 46 
 29 96 
 41 70 
 33 66 
 25 62 
 10 82 
 51 83 
 2 78 
 3 43 
 22 56 
 14 52 
 15 17 
 7 13 
 66 99 
 13 93 
 59 60 
 18 22 
 16 98 
 17 63 
 36 76 
 55 89 
 28 72 
 47 85 
 8 14 
 48 50 
 7 49 
 40 46 
 19 23 
 5 88 
 92 93 
 11 19 
 30 32 
 17 99 
 63 66 
 58 100 
 9 95 
 21 69 
 81 83 
 41 47 
 73 79 
 6 89 
 52 56 
 25 39 
 33 43 
 4 16 
 10 59 
 2 55 
 3 20 
 22 33 
 14 29 
 34 44 
 74 80 
 66 76 
 85 89 
 13 70 
 32 83 
 37 49 
 51 96 
 24 79 
 43 92 
 3 56 
 35 88 
 36 53 
 15 30 
 1 95 
 88 100 
 47 62 
 26 39 
 59 73 
 18 35 
 5 65 
 70 82 
 17 76 
 36 89 
 9 72 
 77 90 
 28 85 
 29 50 
 21 46 
 80 95 
 40 59 
 6 66 
 10 36 
 81 96 
 33 56 
 73 92 
 20 86 
 39 99 
 31 95 
 51 73 
 2 68 
 3 33 
 43 69 
 22 46 
 35 65 
 14 42 
 66 89 
 13 83 
 32 96 
 24 92 
 16 88 
 17 53 
 36 66 
 9 49 
 55 79 
 47 75 
 5 78 
 6 43 
 58 90 
 9 85 
 50 86 
 69 99 
 42 82 
 29 63 
 21 59 
 61 95 
 19 98 
 25 29 
 39 76 
 31 72 
 10 49 
 2 45 
 22 23 
 54 92 
 14 19 
 20 99 
 13 60 
 4 91 
 32 73 
 51 86 
 24 69 
 43 82 
 16 65 
 55 56 
 28 39 
 1 85 
 47 52 
 59 63 
 5 55 
 46 93 
 38 89 
 17 66 
 58 67 
 77 80 
 9 62 
 28 75 
 29 40 
 69 76 
 61 72 
 80 85 
 27 79 
 6 56 
 92 96 
 30 84 
 50 99 
 91 100 
 10 26 
 42 95 
 2 22 
 62 73 
 81 86 
 54 69 
 73 82 
 20 76 
 25 42 
 39 89 
 12 72 
 31 85 
 4 68 
 32 50 
 23 81 
 51 63 
 3 23 
 43 59 
 84 97 
 35 55 
 14 32 
 1 62 
 13 73 
 24 82 
 16 78 
 17 43 
 57 79 
 36 56 
 76 92 
 68 88 
 28 52 
 58 80 
 77 93 
 69 89 
 42 72 
 21 49 
 61 85 
 80 98 
 8 79 
 27 92 
 19 88 
 20 53 
 30 97 
 31 62 
 23 58 
 2 35 
 54 82 
 12 85 
 13 50 
 72 99 
 4 81 
 23 94 
 24 59 
 43 72 
 16 55 
 17 20 
 35 68 
 28 29 
 65 96 
 57 92 
 49 88 
 50 53 
 29 30 
 15 95 
 21 26 
 61 62 
 7 91 
 27 69 
 18 100 
 19 65 
 10 16 
 2 12 
 83 86 
 62 63 
 8 92 
 54 59 
 12 62 
 13 27 
 31 75 
 72 76 
 32 40 
 23 71 
 51 53 
 4 58 
 43 49 
 84 87 
 16 32 
 35 45 
 95 96 
 87 92 
 1 52 
 13 63 
 45 95 
 46 60 
 5 22 
 37 91 
 16 68 
 57 69 
 17 33 
 3 98 
 49 65 
 9 29 
 28 42 
 76 82 
 68 78 
 15 72 
 26 81 
 46 96 
 6 23 
 79 93 
 58 70 
 50 66 
 42 62 
 82 98 
 61 75 
 27 82 
 19 78 
 20 43 
 11 74 
 30 87 
 31 52 
 23 48 
 83 99 
 75 95 
 1 29 
 33 98 
 12 75 
 25 94 
 13 40 
 72 89 
 4 71 
 64 85 
 24 49 
 56 81 
 16 45 
 35 58 
 22 88 
 1 65 
 14 84 
 34 99 
 5 35 
 65 86 
 38 69 
 57 82 
 7 81 
 8 46 
 18 90 
 19 55 
 11 51 
 30 64 
 63 98 
 23 25 
 42 75 
 8 82 
 41 79 
 20 56 
 11 87 
 12 52 
 52 88 
 13 17 
 44 84 
 23 61 
 24 26 
 10 91 
 16 22 
 1 42 
 34 76 
 53 89 
 45 85 
 46 50 
 64 98 
 38 46 
 17 23 
 9 19 
 49 55 
 15 62 
 7 58 
 26 71 
 27 36 
 6 13 
 19 32 
 18 67 
 38 82 
 79 83 
 71 79 
 30 41 
 90 92 
 50 56 
 42 52 
 7 94 
 48 95 
 27 72 
 40 91 
 19 68 
 60 69 
 20 33 
 11 64 
 12 29 
 39 46 
 31 42 
 30 77 
 83 89 
 75 85 
 94 98 
 41 92 
 1 19 
 33 88 
 25 84 
 13 30 
 44 97 
 72 79 
 4 61 
 37 58 
 56 71 
 16 35 
 2 100 
 3 65 
 22 78 
 34 89 
 67 86 
 26 48 
 86 99 
 46 63 
 5 25 
 38 59 
 78 95 
 57 72 
 49 68 
 36 98 
 15 75 
 7 71 
 27 49 
 18 80 
 19 45 
 79 96 
 11 41 
 30 54 
 71 92 
 29 95 
 21 91 
 60 82 
 33 65 
 52 78 
 12 42 
 44 74 
 10 81 
 2 77 
 22 55 
 34 66 
 25 97 
 53 79 
 66 98 
 45 75 
 37 71 
 3 78 
 22 91 
 14 87 
 55 88 
 8 13 
 26 61 
 18 57 
 59 95 
 19 22 
 11 18 
 30 31 
 17 98 
 63 65 
 9 94 
 29 72 
 48 85 
 8 49 
 40 81 
 41 46 
 11 54 
 12 19 
 6 88 
 31 32 
 4 15 
 52 55 
 23 28 
 41 82 
 1 9 
 33 78 
 34 43 
 25 74 
 53 56 
 44 87 
 45 52 
 37 48 
 10 94 
 56 61 
 51 95 
 2 90 
 3 55 
 22 68 
 15 29 
 7 25 
 26 38 
 67 76 
 86 89 
 18 34 
 38 49 
 78 85 
 97 98 
 36 88 
 28 84 
 7 61 
 8 26 
 47 97 
 27 39 
 48 62 
 5 100 
 11 31 
 82 91 
 29 85 
 48 98 
 21 81 
 81 95 
 60 72 
 33 55 
 52 68 
 25 51 
 44 64 
 4 28 
 10 71 
 2 67 
 22 45 
 34 56 
 25 87 
 66 88 
 37 61 
 24 91 
 3 68 
 14 77 
 55 78 
 15 42 
 7 38 
 47 74 
 26 51 
 67 89 
 59 85 
 78 98 
 70 94 
 9 84 
 28 97 
 29 62 
 21 58 
 40 71 
 6 78 
 4 5 
 10 48 
 2 44 
 21 94 
 62 95 
 54 91 
 25 64 
 20 98 
 37 38 
 10 84 
 51 85 
 2 80 
 14 54 
 15 19 
 59 62 
 18 24 
 70 71 
 16 100 
 17 65 
 55 91 
 28 74 
 29 39 
 48 52 
 8 16 
 40 48 
 19 25 
 5 90 
 11 21 
 6 55 
 63 68 
 9 97 
 50 98 
 29 75 
 21 71 
 62 72 
 81 85 
 41 49 
 33 45 
 6 91 
 52 58 
 44 54 
 10 61 
 51 62 
 2 57 
 3 22 
 74 82 
 66 78 
 85 91 
 13 72 
 32 85 
 24 81 
 43 94 
 16 77 
 35 90 
 15 32 
 28 51 
 1 97 
 7 28 
 47 64 
 55 68 
 59 75 
 18 37 
 17 78 
 9 74 
 69 88 
 29 52 
 48 65 
 40 61 
 80 97 
 6 68 
 10 38 
 2 34 
 62 85 
 81 98 
 54 81 
 25 54 
 12 84 
 31 97 
 32 62 
 23 93 
 24 58 
 51 75 
 3 35 
 43 71 
 35 67 
 14 44 
 1 74 
 13 85 
 24 94 
 65 95 
 16 90 
 17 55 
 36 68 
 9 51 
 68 100 
 28 64 
 21 25 
 5 80 
 6 45 
 58 92 
 50 88 
 10 15 
 42 84 
 21 61 
 61 97 
 8 91 
 54 58 
 33 35 
 19 100 
 20 65 
 25 31 
 11 96 
 10 51 
 51 52 
 23 70 
 2 47 
 3 12 
 84 86 
 22 25 
 54 94 
 66 68 
 12 97 
 13 62 
 4 93 
 32 75 
 24 71 
 35 80 
 36 45 
 76 81 
 55 58 
 28 41 
 1 87 
 47 54 
 5 57 
 17 68 
 58 69 
 77 82 
 9 64 
 49 100 
 69 78 
 50 65 
 21 38 
 61 74 
 80 87 
 27 81 
 6 58 
 19 77 
 39 55 
 30 86 
 10 28 
 42 97 
 62 75 
 73 84 
 20 78 
 12 74 
 32 52 
 72 88 
 23 83 
 24 48 
 51 65 
 43 61 
 16 44 
 3 25 
 4 70 
 84 99 
 1 64 
 13 75 
 46 72 
 65 85 
 16 80 
 17 45 
 57 81 
 36 58 
 49 77 
 9 41 
 68 90 
 76 94 
 26 93 
 5 70 
 6 35 
 50 78 
 61 87 
 8 81 
 27 94 
 19 90 
 20 55 
 11 86 
 12 51 
 30 99 
 31 64 
 2 37 
 1 41 
 12 87 
 32 65 
 45 84 
 56 93 
 16 57 
 9 18 
 22 100 
 28 31 
 46 85 
 6 12 
 5 47 
 38 81 
 9 54 
 50 55 
 49 90 
 42 51 
 15 97 
 21 28 
 61 64 
 7 93 
 8 58 
 27 71 
 11 63 
 39 45 
 30 76 
 91 92 
 10 18 
 42 87 
 2 14 
 83 88 
 62 65 
 75 84 
 8 94 
 94 97 
 54 61 
 41 91 
 20 68 
 11 99 
 12 64 
 13 29 
 31 77 
 72 78 
 4 60 
 23 73 
 64 74 
 24 38 
 43 51 
 84 89 
 51 55 
 35 47 
 32 42 
 95 98 
 16 34 
 87 94 
 34 88 
 45 97 
 46 62 
 65 75 
 37 93 
 17 35 
 57 71 
 3 100 
 49 67 
 68 80 
 28 44 
 15 74 
 7 70 
 26 83 
 27 48 
 18 79 
 79 95 
 58 72 
 30 53 
 71 91 
 50 68 
 82 100 
 42 64 
 61 77 
 8 71 
 19 80 
 20 45 
 60 81 
 39 58 
 30 89 
 4 37 
 23 50 
 75 97 
 1 31 
 25 96 
 13 42 
 72 91 
 45 74 
 4 73 
 64 87 
 24 51 
 37 70 
 53 78 
 56 83 
 3 77 
 22 90 
 14 86 
 26 60 
 67 98 
 57 84 
 15 87 
 8 48 
 26 96 
 18 92 
 19 57 
 11 53 
 12 18 
 30 66 
 63 100 
 23 27 
 41 81 
 1 8 
 60 94 
 20 58 
 52 90 
 12 54 
 13 19 
 44 86 
 4 50 
 23 63 
 24 28 
 56 60 
 35 37 
 22 67 
 34 78 
 53 91 
 46 52 
 5 14 
 86 88 
 38 48 
 56 96 
 57 61 
 3 90 
 9 21 
 89 93 
 68 70 
 14 99 
 7 60 
 26 73 
 27 38 
 18 69 
 19 34 
 71 81 
 82 90 
 42 54 
 29 84 
 8 61 
 48 97 
 40 93 
 19 70 
 20 35 
 60 71 
 11 66 
 12 31 
 6 100 
 31 44 
 4 27 
 52 67 
 23 40 
 83 91 
 75 87 
 41 94 
 1 21 
 34 55 
 25 86 
 72 81 
 44 99 
 85 100 
 64 77 
 37 60 
 3 67 
 22 80 
 14 76 
 15 41 
 67 88 
 59 84 
 18 46 
 78 97 
 38 61 
 49 70 
 36 100 
 15 77 
 8 38 
 48 74 
 27 51 
 18 82 
 19 47 
 79 98 
 11 43 
 71 94 
 63 90 
 29 97 
 21 93 
 41 71 
 33 67 
 52 80 
 25 63 
 4 40 
 10 83 
 22 57 
 14 53 
 34 68 
 25 99 
 66 100 
 26 27 
 45 77 
 37 73 
 14 89 
 55 90 
 15 54 
 7 50 
 47 86 
 26 63 
 27 28 
 18 59 
 59 97 
 19 24 
 11 20 
 30 33 
 17 100 
 63 67 
 9 96 
 29 74 
 48 87 
 21 70 
 40 83 
 41 48 
 20 25 
 60 61 
 12 21 
 52 57 
 4 17 
 10 60 
 22 34 
 41 84 
 1 11 
 33 80 
 34 45 
 74 81 
 53 58 
 25 76 
 44 89 
 45 54 
 85 90 
 37 50 
 10 96 
 51 97 
 56 63 
 2 92 
 3 57 
 22 70 
 15 31 
 26 40 
 67 78 
 86 91 
 59 74 
 18 36 
 78 87 
 97 100 
 70 83 
 89 96 
 17 77 
 28 86 
 8 28 
 48 64 
 6 67 
 11 33 
 71 84 
 63 80 
 29 87 
 21 83 
 40 96 
 81 97 
 41 61 
 73 93 
 33 57 
 52 70 
 25 53 
 44 66 
 39 100 
 10 73 
 2 69 
 22 47 
 14 43 
 74 94 
 66 90 
 24 93 
 36 67 
 15 44 
 55 80 
 7 40 
 47 76 
 67 91 
 59 87 
 18 49 
 5 79 
 70 96 
 17 90 
 28 99 
 69 100 
 29 64 
 48 77 
 21 60 
 40 73 
 6 80 
 4 7 
 10 50 
 22 24 
 54 93 
 14 20 
 34 35 
 20 100 
 66 67 
 25 66 
 12 96 
 32 74 
 51 87 
 2 82 
 3 47 
 43 83 
 35 79 
 15 21 
 55 57 
 1 86 
 47 53 
 7 17 
 67 68 
 13 97 
 99 100 
 18 26 
 70 73 
 17 67 
 36 80 
 55 93 
 29 41 
 47 89 
 48 54 
 21 37 
 8 18 
 40 50 
 5 92 
 11 23 
 92 97 
 9 99 
 50 100 
 10 27 
 42 96 
 21 73 
 62 74 
 41 51 
 81 87 
 73 83 
 39 90 
 31 86 
 10 63 
 51 64 
 2 59 
 43 60 
 22 37 
 14 33 
 74 84 
 66 80 
 13 74 
 32 87 
 51 100 
 24 83 
 43 96 
 17 44 
 35 92 
 36 57 
 55 70 
 28 53 
 1 99 
 47 66 
 6 34 
 17 80 
 58 81 
 77 94 
 9 76 
 69 90 
 29 54 
 21 50 
 61 86 
 80 99 
 40 63 
 27 93 
 6 70 
 30 98 
 10 40 
 2 36 
 62 87 
 81 100 
 54 83 
 73 96 
 20 90 
 13 51 
 31 99 
 32 64 
 4 82 
 23 95 
 24 60 
 51 77 
 43 73 
 16 56 
 3 37 
 35 69 
 13 87 
 5 46 
 24 96 
 65 97 
 17 57 
 36 70 
 9 53 
 28 66 
 29 31 
 21 27 
 38 51 
 5 82 
 6 47 
 58 94 
 50 90 
 2 13 
 61 99 
 62 64 
 8 93 
 25 33 
 20 67 
 11 98 
 39 80 
 32 41 
 51 54 
 2 49 
 3 14 
 43 50 
 22 27 
 84 88 
 14 23 
 95 97 
 87 93 
 1 53 
 12 99 
 13 64 
 4 95 
 32 77 
 24 73 
 65 74 
 16 69 
 36 47 
 9 30 
 96 98 
 28 43 
 55 60 
 88 94 
 47 56 
 5 59 
 6 24 
 38 93 
 58 71 
 77 84 
 50 67 
 9 66 
 29 44 
 42 63 
 21 40 
 61 76 
 80 89 
 27 83 
 19 79 
 31 53 
 10 30 
 42 99 
 83 100 
 62 77 
 54 73 
 20 80 
 13 41 
 31 89 
 72 90 
 4 72 
 51 67 
 24 50 
 32 54 
 43 63 
 16 46 
 35 59 
 1 66 
 34 100 
 5 36 
 65 87 
 38 70 
 57 83 
 17 47 
 49 79 
 9 43 
 28 56 
 15 86 
 26 95 
 27 60 
 6 37 
 18 91 
 58 84 
 30 65 
 50 80 
 42 76 
 2 3 
 61 89 
 8 83 
 27 96 
 19 92 
 11 88 
 12 53 
 39 70 
 31 66 
 4 49 
 23 62 
 24 27 
 3 4 
 35 36 
 1 43 
 34 77 
 13 54 
 53 90 
 4 85 
 24 63 
 37 82 
 64 99 
 56 95 
 57 60 
 17 24 
 36 37 
 9 20 
 14 98 
 26 72 
 5 49 
 38 83 
 57 96 
 58 61 
 49 92 
 50 57 
 69 70 
 42 53 
 15 99 
 61 66 
 21 30 
 7 95 
 8 60 
 27 73 
 19 69 
 20 34 
 11 65 
 39 47 
 30 78 
 31 43 
 91 94 
 23 39 
 83 90 
 2 16 
 94 99 
 54 63 
 41 93 
 12 66 
 13 31 
 44 98 
 4 62 
 32 44 
 64 76 
 23 75 
 84 91 
 56 72 
 43 53 
 16 36 
 35 49 
 22 79 
 1 56 
 87 96 
 34 90 
 45 99 
 46 64 
 5 26 
 65 77 
 86 100 
 38 60 
 17 37 
 57 73 
 76 86 
 49 69 
 9 33 
 68 82 
 15 76 
 7 72 
 26 85 
 27 50 
 18 81 
 19 46 
 79 97 
 71 93 
 30 55 
 50 70 
 63 89 
 42 66 
 19 82 
 20 47 
 60 83 
 11 78 
 12 43 
 52 79 
 31 56 
 4 39 
 23 52 
 1 33 
 53 80 
 13 44 
 72 93 
 45 76 
 25 98 
 64 89 
 37 72 
 56 85 
 16 49 
 3 79 
 9 10 
 22 92 
 14 88 
 15 53 
 67 100 
 26 62 
 46 77 
 59 96 
 5 39 
 38 73 
 18 58 
 42 43 
 15 89 
 7 85 
 8 50 
 48 86 
 18 94 
 19 59 
 20 24 
 11 55 
 12 20 
 31 33 
 23 29 
 41 83 
 1 10 
 60 96 
 52 92 
 25 75 
 53 57 
 4 52 
 45 53 
 13 21 
 24 30 
 64 66 
 16 26 
 2 91 
 1 46 
 14 65 
 34 80 
 45 89 
 46 54 
 5 16 
 37 85 
 78 86 
 65 67 
 86 90 
 97 99 
 3 92 
 89 95 
 49 59 
 68 72 
 57 63 
 38 50 
 15 66 
 47 98 
 8 27 
 7 62 
 27 40 
 18 71 
 19 36 
 79 87 
 11 32 
 98 100 
 30 45 
 71 83 
 90 96 
 63 79 
 42 56 
 82 92 
 29 86 
 48 99 
 21 82 
 41 60 
 60 73 
 20 37 
 11 68 
 12 33 
 52 69 
 4 29 
 44 65 
 10 72 
 75 89 
 1 23 
 33 92 
 74 93 
 34 57 
 53 70 
 25 88 
 45 66 
 64 79 
 37 62 
 56 75 
 3 69 
 22 82 
 14 78 
 15 43 
 7 39 
 26 52 
 67 90 
 59 86 
 18 48 
 38 63 
 70 95 
 17 89 
 28 98 
 7 75 
 48 76 
 8 40 
 27 53 
 40 72 
 19 49 
 11 45 
 6 79 
 30 58 
 4 6 
 63 92 
 29 99 
 21 95 
 41 73 
 52 82 
 25 65 
 44 78 
 37 39 
 2 81 
 3 46 
 22 59 
 14 55 
 15 20 
 26 29 
 5 6 
 13 96 
 37 75 
 38 40 
 18 25 
 70 72 
 3 82 
 36 79 
 15 56 
 55 92 
 7 52 
 8 17 
 26 65 
 47 88 
 27 30 
 59 99 
 18 61 
 5 91 
 11 22 
 71 73 
 30 35 
 63 69 
 29 76 
 21 72 
 40 85 
 41 50 
 60 63 
 33 46 
 6 92 
 52 59 
 12 23 
 44 55 
 10 62 
 22 36 
 1 13 
 33 82 
 74 83 
 93 96 
 66 79 
 85 92 
 32 86 
 51 99 
 56 65 
 3 59 
 43 95 
 22 72 
 35 91 
 14 68 
 15 33 
 7 29 
 67 80 
 86 93 
 59 76 
 78 89 
 89 98 
 17 79 
 36 92 
 9 75 
 28 88 
 29 53 
 48 66 
 40 62 
 11 35 
 6 69 
 29 89 
 21 85 
 81 99 
 41 63 
 73 95 
 33 59 
 52 72 
 25 55 
 44 68 
 31 98 
 10 75 
 51 76 
 2 71 
 22 49 
 14 45 
 74 96 
 66 92 
 13 86 
 32 99 
 24 95 
 28 65 
 7 42 
 47 78 
 5 81 
 11 12 
 17 92 
 58 93 
 9 88 
 29 66 
 48 79 
 61 98 
 40 75 
 33 36 
 6 82 
 25 32 
 4 9 
 44 45 
 10 52 
 3 13 
 62 99 
 22 26 
 54 95 
 14 22 
 34 37 
 12 98 
 37 42 
 32 76 
 51 89 
 24 72 
 4 94 
 43 85 
 35 81 
 36 46 
 96 97 
 55 59 
 1 88 
 47 55 
 7 19 
 26 32 
 67 70 
 13 99 
 18 28 
 59 66 
 88 93 
 17 69 
 36 82 
 77 83 
 9 65 
 28 78 
 29 43 
 47 91 
 40 52 
 5 94 
 6 59 
 10 29 
 42 98 
 2 25 
 21 75 
 81 89 
 73 85 
 33 49 
 20 79 
 25 45 
 39 92 
 31 88 
 51 66 
 23 84 
 2 61 
 84 100 
 3 26 
 22 39 
 66 82 
 13 76 
 32 89 
 24 85 
 76 95 
 36 59 
 55 72 
 9 42 
 28 55 
 5 71 
 6 36 
 58 83 
 77 96 
 69 92 
 21 52 
 61 88 
 27 95 
 19 91 
 39 69 
 30 100 
 10 42 
 62 89 
 54 85 
 20 92 
 12 88 
 4 84 
 32 66 
 51 79 
 23 97 
 24 62 
 43 75 
 1 78 
 7 9 
 46 86 
 5 48 
 16 94 
 17 59 
 58 60 
 57 95 
 49 91 
 29 33 
 15 98 
 21 29 
 40 42 
 5 84 
 6 49 
 58 96 
 50 92 
 10 19 
 42 88 
 2 15 
 62 66 
 8 95 
 73 75 
 20 69 
 25 35 
 39 82 
 12 65 
 11 100 
 31 78 
 51 56 
 23 74 
 84 90 
 3 16 
 35 48 
 95 99 
 14 25 
 1 55 
 87 95 
 45 98 
 24 75 
 65 76 
 16 71 
 36 49 
 28 45 
 1 91 
 47 58 
 88 96 
 46 99 
 6 26 
 5 61 
 58 73 
 77 86 
 50 69 
 69 82 
 42 65 
 21 42 
 61 78 
 80 91 
 8 72 
 19 81 
 39 59 
 30 90 
 23 51 
 2 28 
 75 98 
 54 75 
 20 82 
 12 78 
 13 43 
 72 92 
 32 56 
 23 87 
 24 52 
 43 65 
 35 61 
 1 68 
 46 76 
 5 38 
 65 89 
 38 72 
 57 85 
 17 49 
 9 45 
 49 81 
 15 88 
 7 84 
 27 62 
 18 93 
 19 58 
 30 67 
 50 82 
 42 78 
 8 85 
 27 98 
 19 94 
 60 95 
 20 59 
 11 90 
 12 55 
 13 20 
 31 68 
 4 51 
 32 33 
 23 64 
 24 29 
 16 25 
 35 38 
 1 45 
 34 79 
 53 92 
 45 88 
 5 15 
 46 53 
 37 84 
 56 97 
 57 62 
 16 61 
 36 39 
 9 22 
 3 91 
 49 58 
 14 100 
 15 65 
 26 74 
 46 89 
 5 51 
 6 16 
 38 85 
 98 99 
 58 63 
 49 94 
 90 95 
 69 72 
 42 55 
 61 68 
 7 97 
 27 75 
 19 71 
 20 36 
 39 49 
 12 32 
 11 67 
 31 45 
 30 80 
 91 96 
 23 41 
 2 18 
 83 92 
 75 88 
 41 95 
 1 22 
 33 91 
 12 68 
 53 69 
 4 64 
 45 65 
 72 82 
 64 78 
 32 46 
 56 74 
 52 100 
 1 58 
 34 92 
 5 28 
 46 66 
 37 97 
 38 62 
 65 79 
 57 75 
 49 71 
 68 84 
 8 39 
 26 87 
 27 52 
 18 83 
 19 48 
 79 99 
 11 44 
 71 95 
 63 91 
 42 68 
 29 98 
 8 75 
 41 72 
 60 85 
 20 49 
 11 80 
 12 45 
 52 81 
 31 58 
 44 77 
 4 41 
 23 54 
 1 35 
 34 69 
 53 82 
 25 100 
 45 78 
 37 74 
 38 39 
 56 87 
 3 81 
 9 12 
 22 94 
 15 55 
 7 51 
 26 64 
 27 29 
 59 98 
 18 60 
 38 75 
 30 34 
 42 45 
 7 87 
 8 52 
 48 88 
 27 65 
 40 84 
 19 61 
 20 26 
 60 62 
 11 57 
 12 22 
 31 35 
 4 18 
 23 31 
 75 78 
 41 85 
 1 12 
 34 46 
 93 95 
 53 59 
 25 77 
 45 55 
 37 51 
 10 97 
 56 64 
 2 93 
 3 58 
 22 71 
 34 82 
 46 56 
 86 92 
 37 87 
 5 18 
 57 65 
 70 84 
 3 94 
 49 61 
 36 91 
 15 68 
 7 64 
 8 29 
 26 77 
 27 42 
 18 73 
 19 38 
 79 89 
 11 34 
 30 47 
 71 85 
 63 81 
 29 88 
 21 84 
 40 97 
 60 75 
 33 58 
 52 71 
 12 35 
 10 74 
 2 70 
 22 48 
 1 25 
 33 94 
 34 59 
 74 95 
 25 90 
 53 72 
 45 68 
 32 98 
 56 77 
 3 71 
 15 45 
 55 81 
 7 41 
 26 54 
 59 88 
 70 97 
 17 91 
 9 87 
 28 100 
 29 65 
 48 78 
 8 42 
 40 74 
 19 51 
 11 47 
 6 81 
 4 8 
 63 94 
 21 97 
 1 2 
 33 71 
 34 36 
 52 84 
 25 67 
 44 80 
 37 41 
 10 87 
 2 83 
 3 48 
 22 61 
 14 57 
 15 22 
 7 18 
 26 31 
 67 69 
 13 98 
 18 27 
 38 42 
 36 81 
 15 58 
 28 77 
 55 94 
 47 90 
 8 19 
 7 54 
 48 55 
 18 63 
 19 28 
 5 93 
 92 98 
 11 24 
 30 37 
 71 75 
 63 71 
 82 84 
 29 78 
 48 91 
 21 74 
 40 87 
 81 88 
 41 52 
 60 65 
 33 48 
 6 94 
 52 61 
 44 57 
 4 21 
 10 64 
 2 60 
 22 38 
 74 85 
 34 49 
 25 80 
 66 81 
 45 58 
 85 94 
 32 88 
 3 61 
 43 97 
 14 70 
 55 71 
 15 35 
 1 100 
 47 67 
 7 31 
 26 44 
 18 40 
 59 78 
 78 91 
 70 87 
 17 81 
 77 95 
 28 90 
 29 55 
 48 68 
 21 51 
 80 100 
 6 71 
 10 41 
 21 87 
 54 84 
 73 97 
 33 61 
 20 91 
 25 57 
 44 70 
 10 77 
 23 96 
 51 78 
 2 73 
 43 74 
 14 47 
 74 98 
 7 8 
 66 94 

