100 4000 1000

24 71 87 51 62 51 26 21 17 16 20 66 23 10 93 68 100 68 61 63 66 41 77 69 99 89 38 45 24 99 41 61 85 7 68 73 88 14 23 85 83 98 9 64 53 44 34 28 47 62 46 59 61 33 71 10 89 87 53 83 34 47 19 95 65 90 26 27 7 51 16 78 58 37 91 9 14 78 77 49 77 83 16 86 53 100 23 24 20 32 11 24 76 93 14 83 57 18 40 11

64 28 29 49 7 84 44 51 68 81 61 61 16 29 22 14 84 88 31 17 93 60 66 36 64 38 14 55 63 84 66 70 88 24 47 90 80 20 29 51 42 46 3 90 3 90 16 67 22 57 4 54 56 93 82 3 90 48 39 13 37 95 27 94 92 88 24 15 57 27 85 59 94 30 3 58 26 31 14 84 60 79 63 40 39 98 16 54 50 83 36 12 50 13 47 5 56 85 57 34

 24 97 
 16 93 
 36 71 
 55 84 
 29 32 
 47 80 
 40 41 
 5 83 
 11 14 
 6 48 
 17 94 
 50 91 
 29 68 
 21 64 
 61 100 
 40 77 
 41 42 
 33 38 
 6 84 
 73 74 
 44 47 
 10 54 
 2 50 
 22 28 
 54 97 
 14 24 
 74 75 
 66 71 
 12 100 
 13 65 
 4 96 
 32 78 
 51 91 
 24 74 
 43 87 
 16 70 
 36 48 
 55 61 
 15 25 
 96 99 
 88 95 
 7 21 
 1 90 
 59 68 
 18 30 
 5 60 
 46 98 
 17 71 
 9 67 
 28 80 
 69 81 
 29 45 
 48 58 
 21 41 
 80 90 
 40 54 
 5 96 
 6 61 
 10 31 
 42 100 
 2 27 
 62 78 
 54 74 
 20 81 
 25 47 
 12 77 
 31 90 
 32 55 
 51 68 
 43 64 
 35 60 
 14 37 
 1 67 
 66 84 
 13 78 
 32 91 
 24 87 
 65 88 
 16 83 
 17 48 
 35 96 
 76 97 
 36 61 
 9 44 
 28 57 
 47 70 
 58 85 
 77 98 
 9 80 
 69 94 
 42 77 
 21 54 
 61 90 
 27 97 
 19 93 
 39 71 
 11 89 
 31 67 
 2 40 
 62 91 
 54 87 
 20 94 
 12 90 
 13 55 
 32 68 
 4 86 
 23 99 
 64 100 
 24 64 
 43 77 
 51 81 
 17 25 
 35 73 
 36 38 
 28 34 
 1 80 
 7 11 
 5 50 
 6 15 
 38 84 
 57 97 
 58 62 
 9 57 
 49 93 
 69 71 
 29 35 
 61 67 
 40 44 
 7 96 
 27 74 
 6 51 
 39 48 
 58 98 
 30 79 
 50 94 
 10 21 
 91 95 
 42 90 
 2 17 
 62 68 
 73 77 
 20 71 
 39 84 
 12 67 
 13 32 
 32 45 
 4 63 
 51 58 
 24 41 
 23 76 
 84 92 
 16 37 
 3 18 
 87 97 
 1 57 
 34 91 
 4 99 
 45 100 
 5 27 
 37 96 
 16 73 
 17 38 
 57 74 
 76 87 
 9 34 
 36 51 
 68 83 
 28 47 
 5 63 
 38 97 
 58 75 
 50 71 
 69 84 
 42 67 
 61 80 
 80 93 
 8 74 
 27 87 
 19 83 
 20 48 
 39 61 
 12 44 
 30 92 
 31 57 
 11 79 
 23 53 
 2 30 
 75 100 
 1 34 
 12 80 
 53 81 
 13 45 
 72 94 
 4 76 
 24 54 
 64 90 
 56 86 
 35 63 
 9 11 
 22 93 
 1 70 
 5 40 
 46 78 
 38 74 
 57 87 
 76 100 
 49 83 
 42 44 
 15 90 
 7 86 
 8 51 
 26 99 
 27 64 
 37 86 
 18 95 
 19 60 
 30 69 
 10 11 
 2 7 
 8 87 
 60 97 
 20 61 
 11 92 
 52 93 
 13 22 
 31 70 
 4 53 
 23 66 
 64 67 
 24 31 
 43 44 
 16 27 
 35 40 
 1 47 
 34 81 
 5 17 
 65 68 
 38 51 
 56 99 
 17 28 
 57 64 
 76 77 
 3 93 
 49 60 
 28 37 
 68 73 
 15 67 
 7 63 
 26 76 
 27 41 
 6 18 
 18 72 
 38 87 
 79 88 
 58 65 
 30 46 
 82 93 
 42 57 
 61 70 
 7 99 
 48 100 
 8 64 
 27 77 
 19 73 
 60 74 
 20 38 
 11 69 
 30 82 
 31 47 
 4 30 
 91 98 
 23 43 
 83 94 
 75 90 
 41 97 
 1 24 
 33 93 
 34 58 
 25 89 
 13 35 
 4 66 
 53 71 
 45 67 
 64 80 
 24 44 
 37 63 
 16 40 
 3 70 
 14 79 
 34 94 
 26 53 
 46 68 
 5 30 
 37 99 
 78 100 
 38 64 
 57 77 
 49 73 
 15 80 
 7 76 
 8 41 
 26 89 
 27 54 
 18 85 
 19 50 
 11 46 
 30 59 
 71 97 
 63 93 
 29 100 
 21 96 
 41 74 
 20 51 
 33 70 
 12 47 
 52 83 
 44 79 
 4 43 
 23 56 
 10 86 
 16 17 
 22 60 
 1 37 
 34 71 
 53 84 
 45 80 
 5 7 
 38 41 
 56 89 
 3 83 
 49 50 
 22 96 
 14 92 
 15 57 
 26 66 
 27 31 
 59 100 
 18 62 
 19 27 
 71 74 
 30 36 
 63 70 
 82 83 
 29 77 
 8 54 
 48 90 
 19 63 
 60 64 
 20 28 
 11 59 
 6 93 
 52 60 
 31 37 
 12 24 
 4 20 
 23 33 
 83 84 
 75 80 
 1 14 
 33 83 
 34 48 
 53 61 
 93 97 
 44 92 
 85 93 
 25 79 
 45 57 
 72 74 
 10 99 
 16 30 
 2 95 
 3 60 
 14 69 
 15 34 
 67 81 
 26 43 
 46 58 
 59 77 
 18 39 
 38 54 
 78 90 
 86 94 
 70 86 
 89 99 
 49 63 
 15 70 
 48 67 
 27 44 
 19 40 
 79 91 
 11 36 
 63 83 
 82 96 
 29 90 
 21 86 
 40 99 
 41 64 
 60 77 
 33 60 
 52 73 
 12 37 
 44 69 
 4 33 
 10 76 
 22 50 
 14 46 
 74 97 
 25 92 
 66 93 
 45 70 
 32 100 
 14 82 
 15 47 
 47 79 
 26 56 
 67 94 
 59 90 
 18 52 
 11 13 
 70 99 
 9 89 
 29 67 
 8 44 
 48 80 
 21 63 
 40 76 
 11 49 
 12 14 
 44 46 
 4 10 
 62 100 
 41 77 
 54 96 
 1 4 
 33 73 
 34 38 
 25 69 
 44 82 
 45 47 
 37 43 
 10 89 
 51 90 
 2 85 
 43 86 
 3 50 
 22 63 
 14 59 
 7 20 
 26 33 
 67 71 
 13 100 
 59 67 
 18 29 
 78 80 
 70 76 
 36 83 
 55 96 
 28 79 
 47 92 
 8 21 
 7 56 
 40 53 
 19 30 
 5 95 
 6 60 
 11 26 
 71 77 
 92 100 
 63 73 
 29 80 
 40 89 
 41 54 
 81 90 
 60 67 
 73 86 
 52 63 
 25 46 
 39 93 
 44 59 
 10 66 
 2 62 
 3 27 
 22 40 
 14 36 
 34 51 
 93 100 
 66 83 
 85 96 
 13 77 
 32 90 
 37 56 
 24 86 
 43 99 
 35 95 
 36 60 
 15 37 
 55 73 
 7 33 
 26 46 
 67 84 
 5 72 
 70 89 
 17 83 
 9 79 
 69 93 
 29 57 
 48 70 
 6 73 
 2 39 
 62 90 
 54 86 
 33 63 
 73 99 
 12 89 
 32 67 
 23 98 
 51 80 
 3 40 
 43 76 
 22 53 
 35 72 
 14 49 
 1 79 
 66 96 
 13 90 
 24 99 
 65 100 
 16 95 
 17 60 
 36 73 
 55 86 
 29 34 
 47 82 
 8 11 
 40 43 
 5 85 
 6 50 
 58 97 
 9 92 
 50 93 
 10 20 
 21 66 
 62 67 
 41 44 
 8 96 
 73 76 
 25 36 
 39 83 
 44 49 
 31 79 
 10 56 
 51 57 
 3 17 
 22 30 
 54 99 
 14 26 
 74 77 
 66 73 
 85 86 
 13 67 
 32 80 
 4 98 
 51 93 
 24 76 
 43 89 
 35 85 
 36 50 
 55 63 
 28 46 
 1 92 
 7 23 
 47 59 
 59 70 
 46 100 
 6 27 
 38 96 
 17 73 
 58 74 
 77 87 
 9 69 
 28 82 
 29 47 
 21 43 
 61 79 
 40 56 
 27 86 
 6 63 
 30 91 
 10 33 
 2 29 
 62 80 
 81 93 
 54 76 
 12 79 
 31 92 
 32 57 
 4 75 
 23 88 
 51 70 
 24 53 
 43 66 
 3 30 
 35 62 
 1 69 
 13 80 
 65 90 
 16 85 
 57 86 
 17 50 
 76 99 
 36 63 
 9 46 
 28 59 
 26 98 
 5 75 
 6 40 
 58 87 
 77 100 
 50 83 
 42 79 
 2 6 
 61 92 
 8 86 
 27 99 
 19 95 
 20 60 
 25 26 
 39 73 
 11 91 
 32 34 
 23 65 
 2 42 
 3 7 
 35 39 
 54 89 
 20 96 
 12 92 
 53 93 
 13 57 
 32 70 
 4 88 
 24 66 
 43 79 
 16 62 
 17 27 
 36 40 
 9 23 
 28 36 
 1 82 
 47 49 
 5 52 
 6 17 
 38 86 
 57 99 
 58 64 
 49 95 
 50 60 
 9 59 
 69 73 
 29 37 
 21 33 
 80 82 
 7 98 
 27 76 
 19 72 
 39 50 
 30 81 
 31 46 
 10 23 
 91 97 
 42 92 
 83 93 
 2 19 
 62 70 
 8 99 
 54 66 
 20 73 
 39 86 
 12 69 
 31 82 
 32 47 
 72 83 
 23 78 
 24 43 
 51 60 
 43 56 
 84 94 
 16 39 
 35 52 
 87 99 
 34 93 
 5 29 
 46 67 
 65 80 
 37 98 
 16 75 
 57 76 
 9 36 
 49 72 
 68 85 
 28 49 
 15 79 
 26 88 
 18 84 
 38 99 
 79 100 
 58 77 
 50 73 
 69 86 
 42 69 
 61 82 
 8 76 
 27 89 
 20 50 
 11 81 
 12 46 
 30 94 
 31 59 
 4 42 
 23 55 
 1 36 
 12 82 
 13 47 
 72 96 
 45 79 
 4 78 
 24 56 
 64 92 
 56 88 
 16 52 
 22 95 
 14 91 
 5 42 
 46 80 
 65 93 
 38 76 
 6 7 
 57 89 
 49 85 
 42 46 
 15 92 
 21 23 
 7 88 
 8 53 
 27 66 
 18 97 
 19 62 
 20 27 
 39 40 
 31 36 
 23 32 
 2 9 
 75 79 
 8 89 
 54 56 
 41 86 
 20 63 
 52 95 
 13 24 
 12 59 
 44 91 
 32 37 
 23 68 
 64 69 
 4 55 
 43 46 
 16 29 
 10 98 
 35 42 
 24 33 
 87 89 
 1 49 
 34 83 
 53 96 
 45 92 
 5 19 
 46 57 
 37 88 
 65 70 
 57 66 
 17 30 
 76 79 
 9 26 
 49 62 
 68 75 
 3 95 
 15 69 
 7 65 
 26 78 
 27 43 
 6 20 
 18 74 
 19 39 
 79 90 
 71 86 
 30 48 
 90 99 
 50 63 
 8 66 
 40 98 
 19 75 
 60 76 
 20 40 
 39 53 
 12 36 
 31 49 
 4 32 
 23 45 
 83 96 
 75 92 
 41 99 
 1 26 
 33 95 
 34 60 
 13 37 
 25 91 
 53 73 
 45 69 
 72 86 
 64 82 
 37 65 
 56 78 
 16 42 
 3 72 
 14 81 
 15 46 
 34 96 
 67 93 
 26 55 
 46 70 
 18 51 
 5 32 
 38 66 
 70 98 
 49 75 
 15 82 
 7 78 
 8 43 
 27 56 
 18 87 
 19 52 
 11 48 
 12 13 
 71 99 
 30 61 
 63 95 
 21 98 
 41 76 
 1 3 
 60 89 
 33 72 
 12 49 
 52 85 
 13 14 
 44 81 
 25 68 
 4 45 
 45 46 
 16 19 
 2 84 
 22 62 
 1 39 
 14 58 
 45 82 
 5 9 
 46 47 
 37 78 
 78 79 
 38 43 
 3 85 
 49 52 
 22 98 
 9 16 
 14 94 
 55 95 
 15 59 
 7 55 
 8 20 
 27 33 
 18 64 
 19 29 
 79 80 
 63 72 
 42 49 
 82 85 
 29 79 
 8 56 
 41 53 
 20 30 
 60 66 
 6 95 
 52 62 
 11 61 
 44 58 
 4 22 
 23 35 
 10 65 
 75 82 
 1 16 
 34 50 
 25 81 
 53 63 
 44 94 
 85 95 
 45 59 
 64 72 
 37 55 
 93 99 
 2 97 
 22 75 
 14 71 
 15 36 
 7 32 
 67 83 
 26 45 
 59 79 
 18 41 
 38 56 
 70 88 
 36 95 
 7 68 
 8 33 
 48 69 
 27 46 
 40 65 
 19 42 
 11 38 
 6 72 
 71 89 
 30 51 
 63 85 
 29 92 
 21 88 
 41 66 
 60 79 
 33 62 
 25 58 
 4 35 
 44 71 
 10 78 
 2 74 
 22 52 
 14 48 
 74 99 
 66 95 
 37 68 
 24 98 
 3 75 
 36 72 
 15 49 
 47 81 
 8 10 
 67 96 
 26 58 
 18 54 
 59 92 
 11 15 
 17 95 
 9 91 
 29 69 
 21 65 
 40 78 
 41 43 
 6 85 
 12 16 
 4 12 
 10 55 
 2 51 
 22 29 
 1 6 
 33 75 
 34 40 
 66 72 
 45 49 
 37 45 
 32 79 
 51 92 
 56 58 
 2 87 
 43 88 
 3 52 
 22 65 
 35 84 
 55 62 
 15 26 
 7 22 
 67 73 
 26 35 
 59 69 
 70 78 
 89 91 
 17 72 
 36 85 
 9 68 
 55 98 
 28 81 
 48 59 
 8 23 
 40 55 
 6 62 
 11 28 
 63 75 
 29 82 
 62 79 
 81 92 
 41 56 
 73 88 
 33 52 
 52 65 
 25 48 
 39 95 
 44 61 
 31 91 
 10 68 
 2 64 
 3 29 
 22 42 
 74 89 
 66 85 
 85 98 
 32 92 
 24 88 
 35 97 
 36 62 
 55 75 
 28 58 
 15 39 
 47 71 
 7 35 
 59 82 
 18 44 
 5 74 
 17 85 
 58 86 
 9 81 
 77 99 
 28 94 
 69 95 
 29 59 
 48 72 
 21 55 
 61 91 
 6 75 
 10 45 
 2 41 
 3 6 
 62 92 
 54 88 
 14 15 
 25 61 
 20 95 
 12 91 
 32 69 
 4 87 
 51 82 
 24 65 
 23 100 
 3 42 
 43 78 
 14 51 
 15 16 
 1 81 
 13 92 
 16 97 
 57 98 
 17 62 
 36 75 
 9 58 
 28 71 
 29 36 
 47 84 
 48 49 
 80 81 
 5 87 
 50 95 
 10 22 
 42 91 
 21 68 
 62 69 
 8 98 
 54 65 
 73 78 
 25 38 
 10 58 
 51 59 
 23 77 
 43 55 
 3 19 
 22 32 
 84 93 
 14 28 
 74 79 
 87 98 
 66 75 
 13 69 
 4 100 
 24 78 
 43 91 
 16 74 
 17 39 
 35 87 
 76 88 
 55 65 
 28 48 
 1 94 
 47 61 
 88 99 
 5 64 
 6 29 
 38 98 
 17 75 
 58 76 
 9 71 
 69 85 
 29 49 
 61 81 
 40 58 
 80 94 
 6 65 
 19 84 
 39 62 
 30 93 
 10 35 
 2 31 
 62 82 
 73 91 
 20 85 
 39 98 
 12 81 
 13 46 
 31 94 
 72 95 
 32 59 
 51 72 
 24 55 
 23 90 
 43 68 
 35 64 
 1 71 
 13 82 
 46 79 
 5 41 
 65 92 
 16 87 
 57 88 
 17 52 
 36 65 
 9 48 
 28 61 
 68 97 
 15 91 
 21 22 
 26 100 
 5 77 
 6 42 
 50 85 
 10 12 
 69 98 
 42 81 
 2 8 
 61 94 
 8 88 
 54 55 
 19 97 
 25 28 
 20 62 
 11 93 
 12 58 
 39 75 
 31 71 
 32 36 
 23 67 
 24 32 
 43 45 
 3 9 
 35 41 
 87 88 
 12 94 
 53 95 
 13 59 
 32 72 
 4 90 
 45 91 
 24 68 
 65 69 
 56 100 
 17 29 
 35 77 
 76 78 
 9 25 
 68 74 
 1 84 
 47 51 
 88 89 
 46 92 
 6 19 
 38 88 
 58 66 
 49 97 
 69 75 
 21 35 
 61 71 
 80 84 
 8 65 
 27 78 
 19 74 
 39 52 
 11 70 
 30 83 
 31 48 
 91 99 
 10 25 
 42 94 
 2 21 
 75 91 
 41 98 
 12 71 
 13 36 
 31 84 
 32 49 
 72 85 
 23 80 
 4 67 
 84 96 
 16 41 
 43 58 
 35 54 
 1 61 
 34 95 
 5 31 
 46 69 
 37 100 
 38 65 
 65 82 
 57 78 
 17 42 
 76 91 
 9 38 
 49 74 
 68 87 
 15 81 
 7 77 
 27 55 
 58 79 
 30 60 
 50 75 
 42 71 
 61 84 
 19 87 
 60 88 
 39 65 
 30 96 
 4 44 
 23 57 
 16 18 
 1 38 
 13 49 
 53 85 
 4 80 
 72 98 
 45 81 
 37 77 
 56 90 
 17 19 
 3 84 
 9 15 
 49 51 
 14 93 
 26 67 
 5 44 
 6 9 
 38 78 
 57 91 
 49 87 
 50 52 
 42 48 
 27 68 
 18 99 
 19 64 
 20 29 
 39 42 
 12 25 
 30 73 
 31 38 
 23 34 
 75 81 
 41 88 
 1 15 
 33 84 
 52 97 
 13 26 
 12 61 
 44 93 
 4 57 
 72 75 
 64 71 
 24 35 
 10 100 
 56 67 
 16 31 
 35 44 
 2 96 
 22 74 
 1 51 
 87 91 
 34 85 
 53 98 
 5 21 
 46 59 
 37 90 
 38 55 
 65 72 
 57 68 
 49 64 
 89 100 
 68 77 
 9 28 
 15 71 
 7 67 
 8 32 
 26 80 
 27 45 
 18 76 
 19 41 
 79 92 
 30 50 
 71 88 
 63 84 
 82 97 
 8 68 
 40 100 
 60 78 
 11 73 
 12 38 
 52 74 
 31 51 
 4 34 
 23 47 
 83 98 
 75 94 
 33 97 
 34 62 
 25 93 
 53 75 
 37 67 
 56 80 
 22 87 
 14 83 
 7 44 
 59 91 
 18 53 
 38 68 
 70 100 
 7 80 
 8 45 
 27 58 
 18 89 
 11 50 
 12 15 
 30 63 
 63 97 
 23 24 
 21 100 
 41 78 
 1 5 
 60 91 
 33 74 
 34 39 
 52 87 
 13 16 
 25 70 
 4 47 
 44 83 
 37 44 
 10 90 
 16 21 
 56 57 
 2 86 
 3 51 
 22 64 
 14 60 
 34 75 
 67 72 
 26 34 
 46 49 
 5 11 
 38 45 
 78 81 
 57 58 
 3 87 
 14 96 
 55 97 
 15 61 
 47 93 
 8 22 
 26 70 
 27 35 
 18 66 
 19 31 
 11 27 
 71 78 
 30 40 
 90 91 
 63 74 
 82 87 
 29 81 
 21 77 
 40 90 
 41 55 
 60 68 
 33 51 
 20 32 
 6 97 
 4 24 
 10 67 
 2 63 
 22 41 
 1 18 
 34 52 
 74 88 
 25 83 
 53 65 
 44 96 
 45 61 
 85 97 
 56 70 
 43 100 
 3 64 
 22 77 
 14 73 
 15 38 
 55 74 
 7 34 
 67 85 
 26 47 
 86 98 
 18 43 
 78 94 
 17 84 
 48 71 
 8 35 
 40 67 
 19 44 
 11 40 
 6 74 
 63 87 
 41 68 
 33 64 
 52 77 
 25 60 
 44 73 
 10 80 
 2 76 
 3 41 
 22 54 
 14 50 
 66 97 
 13 91 
 18 20 
 16 96 
 36 74 
 15 51 
 7 47 
 47 83 
 59 94 
 19 21 
 18 56 
 5 86 
 11 17 
 17 97 
 9 93 
 29 71 
 48 84 
 21 67 
 40 80 
 33 41 
 6 87 
 52 54 
 25 37 
 4 14 
 44 50 
 10 57 
 2 53 
 22 31 
 54 100 
 14 27 
 34 42 
 74 78 
 25 73 
 66 74 
 45 51 
 85 87 
 32 81 
 37 47 
 51 94 
 24 77 
 43 90 
 35 86 
 55 64 
 15 28 
 1 93 
 47 60 
 7 24 
 67 75 
 59 71 
 18 33 
 78 84 
 70 80 
 17 74 
 36 87 
 77 88 
 9 70 
 28 83 
 29 48 
 47 96 
 48 61 
 21 44 
 40 57 
 5 99 
 11 30 
 6 64 
 10 34 
 41 58 
 73 90 
 20 84 
 44 63 
 39 97 
 31 93 
 10 70 
 51 71 
 2 66 
 3 31 
 43 67 
 22 44 
 14 40 
 13 81 
 32 94 
 24 90 
 16 86 
 17 51 
 35 99 
 36 64 
 7 37 
 47 73 
 5 76 
 6 41 
 17 87 
 50 84 
 29 61 
 69 97 
 61 93 
 21 57 
 40 70 
 27 100 
 6 77 
 39 74 
 10 47 
 2 43 
 20 97 
 12 93 
 13 58 
 32 71 
 4 89 
 51 84 
 24 67 
 3 44 
 16 63 
 35 76 
 36 41 
 15 18 
 1 83 
 7 14 
 47 50 
 18 23 
 46 91 
 5 53 
 16 99 
 57 100 
 36 77 
 77 78 
 49 96 
 9 60 
 29 38 
 28 73 
 48 51 
 21 34 
 69 74 
 80 83 
 40 47 
 5 89 
 6 54 
 50 97 
 10 24 
 42 93 
 2 20 
 8 100 
 73 80 
 33 44 
 20 74 
 39 87 
 31 83 
 32 48 
 23 79 
 51 61 
 2 56 
 43 57 
 84 95 
 3 21 
 35 53 
 14 30 
 1 60 
 87 100 
 66 77 
 13 71 
 32 84 
 24 80 
 65 81 
 16 76 
 17 41 
 76 90 
 55 67 
 68 86 
 1 96 
 28 50 
 47 63 
 5 66 
 38 100 
 58 78 
 9 73 
 50 74 
 77 91 
 69 87 
 29 51 
 42 70 
 21 47 
 61 83 
 8 77 
 19 86 
 11 82 
 30 95 
 10 37 
 2 33 
 62 84 
 54 80 
 20 87 
 12 83 
 13 48 
 31 96 
 4 79 
 72 97 
 23 92 
 24 57 
 64 93 
 43 70 
 51 74 
 17 18 
 16 53 
 46 81 
 6 8 
 65 94 
 38 77 
 5 43 
 17 54 
 57 90 
 49 86 
 68 99 
 28 63 
 15 93 
 21 24 
 7 89 
 27 67 
 6 44 
 18 98 
 30 72 
 50 87 
 10 14 
 42 83 
 2 10 
 8 90 
 54 57 
 60 100 
 20 64 
 39 77 
 11 95 
 13 25 
 12 60 
 4 56 
 32 38 
 24 34 
 84 85 
 43 47 
 3 11 
 35 43 
 87 90 
 1 50 
 53 97 
 4 92 
 45 93 
 5 20 
 24 70 
 65 71 
 16 66 
 57 67 
 76 80 
 3 96 
 68 76 
 28 40 
 88 91 
 26 79 
 46 94 
 5 56 
 38 90 
 58 68 
 77 81 
 49 99 
 69 77 
 80 86 
 8 67 
 27 80 
 19 76 
 20 41 
 31 50 
 23 46 
 83 97 
 2 23 
 75 93 
 41 100 
 1 27 
 20 77 
 33 96 
 12 73 
 53 74 
 32 51 
 72 87 
 4 69 
 64 83 
 84 98 
 16 43 
 35 56 
 22 86 
 1 63 
 34 97 
 5 33 
 65 84 
 57 80 
 76 93 
 9 40 
 15 83 
 7 79 
 26 92 
 27 57 
 18 88 
 19 53 
 30 62 
 71 100 
 50 77 
 42 73 
 8 80 
 19 89 
 20 54 
 39 67 
 52 86 
 13 15 
 31 63 
 4 46 
 12 50 
 23 59 
 16 20 
 34 74 
 53 87 
 72 100 
 46 48 
 64 96 
 5 10 
 38 44 
 17 21 
 3 86 
 9 17 
 22 99 
 28 30 
 49 53 
 14 95 
 15 60 
 26 69 
 46 84 
 18 65 
 6 11 
 38 80 
 30 39 
 49 89 
 50 54 
 82 86 
 42 50 
 61 63 
 7 92 
 27 70 
 19 66 
 11 62 
 12 27 
 30 75 
 31 40 
 23 36 
 75 83 
 94 96 
 41 90 
 33 86 
 52 99 
 53 64 
 13 28 
 72 77 
 44 95 
 25 82 
 64 73 
 16 33 
 56 69 
 2 98 
 22 76 
 14 72 
 34 87 
 45 96 
 5 23 
 86 97 
 37 92 
 78 93 
 38 57 
 57 70 
 3 99 
 49 66 
 15 73 
 7 69 
 8 34 
 26 82 
 27 47 
 18 78 
 79 94 
 11 39 
 30 52 
 71 90 
 63 86 
 82 99 
 29 93 
 21 89 
 41 67 
 20 44 
 60 80 
 11 75 
 52 76 
 12 40 
 4 36 
 44 72 
 23 49 
 10 79 
 75 96 
 1 30 
 33 99 
 34 64 
 74 100 
 25 95 
 53 77 
 45 73 
 37 69 
 22 89 
 14 85 
 7 46 
 26 59 
 67 97 
 59 93 
 19 20 
 18 55 
 17 96 
 7 82 
 40 79 
 20 21 
 11 52 
 52 53 
 4 13 
 63 99 
 41 80 
 1 7 
 60 93 
 33 76 
 34 41 
 52 89 
 25 72 
 13 18 
 44 85 
 53 54 
 45 50 
 10 92 
 16 23 
 2 88 
 3 53 
 22 66 
 14 62 
 15 27 
 67 74 
 86 87 
 18 32 
 46 51 
 38 47 
 5 13 
 70 79 
 49 56 
 89 92 
 15 63 
 7 59 
 8 24 
 47 95 
 18 68 
 19 33 
 79 84 
 11 29 
 5 98 
 71 80 
 30 42 
 63 76 
 82 89 
 29 83 
 21 79 
 40 92 
 41 57 
 60 70 
 33 53 
 6 99 
 52 66 
 4 26 
 10 69 
 2 65 
 22 43 
 1 20 
 14 39 
 33 89 
 66 86 
 45 63 
 85 99 
 32 93 
 14 75 
 55 76 
 7 36 
 26 49 
 67 87 
 59 83 
 78 96 
 17 86 
 36 99 
 9 82 
 28 95 
 29 60 
 8 37 
 21 56 
 48 73 
 11 42 
 10 46 
 21 92 
 62 93 
 41 70 
 33 66 
 25 62 
 10 82 
 51 83 
 14 52 
 15 17 
 7 13 
 66 99 
 13 93 
 18 22 
 59 60 
 16 98 
 17 63 
 36 76 
 55 89 
 28 72 
 7 49 
 48 50 
 47 85 
 40 46 
 92 93 
 6 53 
 30 32 
 17 99 
 58 100 
 63 66 
 9 95 
 29 73 
 21 69 
 40 82 
 81 83 
 41 47 
 73 79 
 6 89 
 52 56 
 4 16 
 10 59 
 2 55 
 3 20 
 14 29 
 74 80 
 66 76 
 85 89 
 13 70 
 32 83 
 37 49 
 51 96 
 3 56 
 35 88 
 55 66 
 15 30 
 1 95 
 88 100 
 7 26 
 67 77 
 26 39 
 59 73 
 18 35 
 5 65 
 70 82 
 36 89 
 77 90 
 9 72 
 28 85 
 29 50 
 21 46 
 80 95 
 40 59 
 6 66 
 10 36 
 2 32 
 62 83 
 81 96 
 54 79 
 33 56 
 73 92 
 25 52 
 20 86 
 39 99 
 31 95 
 32 60 
 51 73 
 2 68 
 3 33 
 35 65 
 14 42 
 1 72 
 32 96 
 24 92 
 16 88 
 17 53 
 36 66 
 9 49 
 28 62 
 47 75 
 6 43 
 58 90 
 9 85 
 50 86 
 29 63 
 69 99 
 42 82 
 21 59 
 61 95 
 19 98 
 25 29 
 39 76 
 31 72 
 10 49 
 2 45 
 3 10 
 62 96 
 22 23 
 54 92 
 14 19 
 20 99 
 12 95 
 13 60 
 32 73 
 51 86 
 43 82 
 35 78 
 36 43 
 55 56 
 28 39 
 47 52 
 88 90 
 59 63 
 46 93 
 5 55 
 38 89 
 17 66 
 58 67 
 9 62 
 49 98 
 28 75 
 29 40 
 77 80 
 48 53 
 61 72 
 21 36 
 80 85 
 40 49 
 27 79 
 92 96 
 30 84 
 50 99 
 10 26 
 91 100 
 42 95 
 2 22 
 62 73 
 81 86 
 54 69 
 73 82 
 20 76 
 25 42 
 39 89 
 12 72 
 31 85 
 32 50 
 23 81 
 24 46 
 84 97 
 3 23 
 43 59 
 35 55 
 14 32 
 1 62 
 13 73 
 65 83 
 57 79 
 17 43 
 76 92 
 9 39 
 28 52 
 47 65 
 5 68 
 6 33 
 58 80 
 77 93 
 50 76 
 69 89 
 42 72 
 80 98 
 8 79 
 27 92 
 19 88 
 20 53 
 30 97 
 31 62 
 10 39 
 23 58 
 2 35 
 54 82 
 20 89 
 12 85 
 13 50 
 32 63 
 23 94 
 64 95 
 43 72 
 56 91 
 17 20 
 35 68 
 16 55 
 28 29 
 1 75 
 46 83 
 65 96 
 38 79 
 17 56 
 49 88 
 50 53 
 9 52 
 29 30 
 15 95 
 21 26 
 7 91 
 27 69 
 18 100 
 19 65 
 39 43 
 30 74 
 50 89 
 10 16 
 42 85 
 2 12 
 83 86 
 62 63 
 8 92 
 94 95 
 20 66 
 11 97 
 52 98 
 39 79 
 31 75 
 4 58 
 32 40 
 51 53 
 12 62 
 23 71 
 84 87 
 16 32 
 43 49 
 95 96 
 1 52 
 34 86 
 53 99 
 13 63 
 45 95 
 5 22 
 37 91 
 57 69 
 17 33 
 76 82 
 9 29 
 49 65 
 28 42 
 68 78 
 3 98 
 15 72 
 26 81 
 5 58 
 6 23 
 18 77 
 69 79 
 82 98 
 42 62 
 61 75 
 8 69 
 27 82 
 19 78 
 20 43 
 39 56 
 12 39 
 11 74 
 31 52 
 30 87 
 23 48 
 83 99 
 75 95 
 1 29 
 33 98 
 12 75 
 25 94 
 13 40 
 4 71 
 45 72 
 72 89 
 64 85 
 16 45 
 22 88 
 34 99 
 46 73 
 5 35 
 65 86 
 38 69 
 57 82 
 49 78 
 68 91 
 15 85 
 8 46 
 26 94 
 27 59 
 18 90 
 19 55 
 30 64 
 63 98 
 23 25 
 41 79 
 20 56 
 60 92 
 11 87 
 52 88 
 13 17 
 12 52 
 44 84 
 4 48 
 31 65 
 24 26 
 10 91 
 34 76 
 53 89 
 45 85 
 46 50 
 5 12 
 37 81 
 38 46 
 56 94 
 17 23 
 3 88 
 9 19 
 14 97 
 15 62 
 7 58 
 26 71 
 27 36 
 6 13 
 18 67 
 38 82 
 19 32 
 71 79 
 30 41 
 90 92 
 50 56 
 42 52 
 8 59 
 27 72 
 40 91 
 19 68 
 20 33 
 11 64 
 6 98 
 12 29 
 31 42 
 4 25 
 91 93 
 83 89 
 75 85 
 41 92 
 1 19 
 33 88 
 34 53 
 25 84 
 72 79 
 44 97 
 45 62 
 4 61 
 37 58 
 56 71 
 16 35 
 2 100 
 3 65 
 22 78 
 14 74 
 34 89 
 26 48 
 67 86 
 86 99 
 5 25 
 46 63 
 78 95 
 37 94 
 57 72 
 70 91 
 49 68 
 36 98 
 15 75 
 7 71 
 8 36 
 27 49 
 18 80 
 19 45 
 79 96 
 11 41 
 71 92 
 30 54 
 63 88 
 29 95 
 21 91 
 41 69 
 60 82 
 52 78 
 12 42 
 4 38 
 10 81 
 22 55 
 1 32 
 34 66 
 53 79 
 25 97 
 66 98 
 37 71 
 22 91 
 14 87 
 55 88 
 7 48 
 18 57 
 59 95 
 19 22 
 11 18 
 30 31 
 17 98 
 63 65 
 29 72 
 48 85 
 8 49 
 40 81 
 41 46 
 20 23 
 6 88 
 12 19 
 52 55 
 31 32 
 23 28 
 41 82 
 1 9 
 52 91 
 53 56 
 25 74 
 44 87 
 85 88 
 45 52 
 64 65 
 37 48 
 10 94 
 56 61 
 2 90 
 3 55 
 32 39 
 22 68 
 14 64 
 15 29 
 26 38 
 67 76 
 86 89 
 59 72 
 78 85 
 38 49 
 97 98 
 70 81 
 36 88 
 7 61 
 8 26 
 48 62 
 47 97 
 27 39 
 19 35 
 5 100 
 11 31 
 30 44 
 71 82 
 63 78 
 82 91 
 29 85 
 21 81 
 40 94 
 41 59 
 81 95 
 60 72 
 33 55 
 52 68 
 25 51 
 44 64 
 4 28 
 10 71 
 3 32 
 22 45 
 14 41 
 34 56 
 74 92 
 25 87 
 32 95 
 37 61 
 24 91 
 35 100 
 14 77 
 15 42 
 55 78 
 47 74 
 67 89 
 26 51 
 59 85 
 18 47 
 78 98 
 70 94 
 9 84 
 21 58 
 6 78 
 4 5 
 10 48 
 21 94 
 62 95 
 33 68 
 25 64 
 37 38 
 51 85 
 43 81 
 3 45 
 22 58 
 14 54 
 15 19 
 26 28 
 13 95 
 59 62 
 18 24 
 70 71 
 17 65 
 36 78 
 28 74 
 8 16 
 40 48 
 19 25 
 11 21 
 6 55 
 92 95 
 63 68 
 9 97 
 29 75 
 21 71 
 62 72 
 41 49 
 81 85 
 33 45 
 73 81 
 25 41 
 44 54 
 39 88 
 10 61 
 51 62 
 3 22 
 22 35 
 14 31 
 74 82 
 85 91 
 32 85 
 51 98 
 43 94 
 16 77 
 35 90 
 36 55 
 15 32 
 28 51 
 55 68 
 1 97 
 7 28 
 18 37 
 17 78 
 9 74 
 77 92 
 28 87 
 29 52 
 69 88 
 40 61 
 6 68 
 10 38 
 62 85 
 81 98 
 54 81 
 73 94 
 20 88 
 25 54 
 12 84 
 31 97 
 24 58 
 3 35 
 43 71 
 35 67 
 14 44 
 1 74 
 24 94 
 65 95 
 16 90 
 17 55 
 36 68 
 9 51 
 68 100 
 28 64 
 47 77 
 21 25 
 5 80 
 6 45 
 58 92 
 50 88 
 21 61 
 61 97 
 8 91 
 33 35 
 19 100 
 25 31 
 20 65 
 11 96 
 31 74 
 10 51 
 23 70 
 51 52 
 2 47 
 43 48 
 84 86 
 3 12 
 54 94 
 14 21 
 12 97 
 13 62 
 32 75 
 24 71 
 43 84 
 16 67 
 35 80 
 76 81 
 36 45 
 55 58 
 47 54 
 88 92 
 5 57 
 6 22 
 58 69 
 9 64 
 77 82 
 50 65 
 49 100 
 29 42 
 21 38 
 27 81 
 6 58 
 19 77 
 39 55 
 42 97 
 2 24 
 62 75 
 54 71 
 73 84 
 20 78 
 39 91 
 12 74 
 31 87 
 72 88 
 32 52 
 51 65 
 24 48 
 3 25 
 84 99 
 16 44 
 43 61 
 1 64 
 34 98 
 13 75 
 16 80 
 57 81 
 17 45 
 36 58 
 49 77 
 76 94 
 28 54 
 68 90 
 15 84 
 26 93 
 6 35 
 58 82 
 50 78 
 69 91 
 42 74 
 61 87 
 8 81 
 27 94 
 19 90 
 20 55 
 39 68 
 11 86 
 12 51 
 31 64 
 23 60 
 2 37 
 1 41 
 12 87 
 53 88 
 32 65 
 45 84 
 4 83 
 56 93 
 35 70 
 9 18 
 22 100 
 1 77 
 46 85 
 65 98 
 38 81 
 57 94 
 49 90 
 50 55 
 9 54 
 42 51 
 15 97 
 61 64 
 21 28 
 7 93 
 8 58 
 27 71 
 19 67 
 11 63 
 30 76 
 31 41 
 91 92 
 10 18 
 42 87 
 83 88 
 62 65 
 54 61 
 94 97 
 20 68 
 12 64 
 13 29 
 31 77 
 72 78 
 32 42 
 51 55 
 24 38 
 4 60 
 43 51 
 35 47 
 95 98 
 87 94 
 34 88 
 45 97 
 46 62 
 5 24 
 37 93 
 65 75 
 38 58 
 57 71 
 17 35 
 3 100 
 49 67 
 68 80 
 28 44 
 15 74 
 7 70 
 26 83 
 6 25 
 38 94 
 79 95 
 58 72 
 50 68 
 82 100 
 42 64 
 61 77 
 8 71 
 27 84 
 19 80 
 60 81 
 20 45 
 39 58 
 12 41 
 30 89 
 11 76 
 4 37 
 31 54 
 75 97 
 33 100 
 34 65 
 25 96 
 53 78 
 4 73 
 72 91 
 24 51 
 64 87 
 37 70 
 56 83 
 16 47 
 22 90 
 14 86 
 26 60 
 67 98 
 46 75 
 38 71 
 57 84 
 49 80 
 15 87 
 8 48 
 26 96 
 27 61 
 18 92 
 20 22 
 11 53 
 12 18 
 30 66 
 63 100 
 23 27 
 2 4 
 1 8 
 20 58 
 33 77 
 60 94 
 52 90 
 13 19 
 53 55 
 4 50 
 44 86 
 23 63 
 24 28 
 10 93 
 16 24 
 56 60 
 2 89 
 35 37 
 1 44 
 45 87 
 46 52 
 86 88 
 37 83 
 38 48 
 56 96 
 3 90 
 9 21 
 89 93 
 49 57 
 14 99 
 55 100 
 8 25 
 26 73 
 27 38 
 19 34 
 79 85 
 30 43 
 71 81 
 63 77 
 82 90 
 42 54 
 8 61 
 40 93 
 19 70 
 20 35 
 6 100 
 12 31 
 52 67 
 31 44 
 4 27 
 23 40 
 83 91 
 75 87 
 41 94 
 1 21 
 33 90 
 34 55 
 25 86 
 53 68 
 72 81 
 45 64 
 85 100 
 37 60 
 56 73 
 3 67 
 22 80 
 14 76 
 15 41 
 26 50 
 46 65 
 59 84 
 78 97 
 38 61 
 49 70 
 36 100 
 15 77 
 28 96 
 7 73 
 48 74 
 8 38 
 18 82 
 19 47 
 79 98 
 11 43 
 30 56 
 71 94 
 29 97 
 60 84 
 52 80 
 25 63 
 44 76 
 4 40 
 2 79 
 22 57 
 14 53 
 34 68 
 66 100 
 26 27 
 37 73 
 3 80 
 14 89 
 55 90 
 47 86 
 8 15 
 26 63 
 27 28 
 7 50 
 18 59 
 19 24 
 59 97 
 11 20 
 30 33 
 17 100 
 9 96 
 29 74 
 48 87 
 40 83 
 41 48 
 20 25 
 6 90 
 52 57 
 4 17 
 23 30 
 10 60 
 75 77 
 22 34 
 41 84 
 33 80 
 74 81 
 34 45 
 25 76 
 53 58 
 44 89 
 45 54 
 85 90 
 93 94 
 37 50 
 10 96 
 56 63 
 51 97 
 43 93 
 3 57 
 22 70 
 14 66 
 15 31 
 7 27 
 67 78 
 86 91 
 59 74 
 18 36 
 78 87 
 97 100 
 70 83 
 17 77 
 36 90 
 28 86 
 47 99 
 48 64 
 19 37 
 6 67 
 11 33 
 71 84 
 63 80 
 29 87 
 81 97 
 41 61 
 33 57 
 73 93 
 52 70 
 25 53 
 39 100 
 44 66 
 10 73 
 14 43 
 74 94 
 66 90 
 13 84 
 32 97 
 24 93 
 16 89 
 36 67 
 55 80 
 15 44 
 47 76 
 67 91 
 18 49 
 5 79 
 70 96 
 17 90 
 9 86 
 28 99 
 29 64 
 69 100 
 48 77 
 21 60 
 40 73 
 33 34 
 6 80 
 25 30 
 4 7 
 2 46 
 62 97 
 54 93 
 14 20 
 20 100 
 66 67 
 25 66 
 12 96 
 32 74 
 51 87 
 2 82 
 43 83 
 35 79 
 14 56 
 15 21 
 55 57 
 1 86 
 47 53 
 7 17 
 26 30 
 13 97 
 18 26 
 70 73 
 17 67 
 36 80 
 9 63 
 28 76 
 29 41 
 47 89 
 8 18 
 21 37 
 48 54 
 5 92 
 11 23 
 6 57 
 92 97 
 9 99 
 50 100 
 10 27 
 42 96 
 62 74 
 41 51 
 81 87 
 73 83 
 33 47 
 25 43 
 39 90 
 31 86 
 51 64 
 2 59 
 3 24 
 22 37 
 74 84 
 66 80 
 13 74 
 32 87 
 51 100 
 24 83 
 43 96 
 17 44 
 35 92 
 55 70 
 28 53 
 1 99 
 7 30 
 47 66 
 58 81 
 9 76 
 28 89 
 69 90 
 61 86 
 21 50 
 40 63 
 80 99 
 27 93 
 6 70 
 30 98 
 2 36 
 62 87 
 73 96 
 20 90 
 12 86 
 13 51 
 31 99 
 4 82 
 32 64 
 51 77 
 24 60 
 23 95 
 43 73 
 16 56 
 35 69 
 1 76 
 13 87 
 5 46 
 24 96 
 65 97 
 57 93 
 17 57 
 9 53 
 28 66 
 29 31 
 21 27 
 5 82 
 6 47 
 50 90 
 2 13 
 61 99 
 62 64 
 8 93 
 54 60 
 33 37 
 20 67 
 39 80 
 12 63 
 11 98 
 31 76 
 32 41 
 51 54 
 23 72 
 2 49 
 84 88 
 3 14 
 22 27 
 35 46 
 95 97 
 14 23 
 87 93 
 1 53 
 12 99 
 53 100 
 4 95 
 32 77 
 24 73 
 65 74 
 16 69 
 17 34 
 35 82 
 36 47 
 9 30 
 55 60 
 28 43 
 96 98 
 47 56 
 88 94 
 46 97 
 6 24 
 5 59 
 38 93 
 58 71 
 77 84 
 50 67 
 9 66 
 69 80 
 29 44 
 42 63 
 21 40 
 61 76 
 80 89 
 8 70 
 27 83 
 39 57 
 30 88 
 10 30 
 42 99 
 2 26 
 83 100 
 62 77 
 54 73 
 20 80 
 13 41 
 72 90 
 32 54 
 51 67 
 4 72 
 24 50 
 43 63 
 16 46 
 23 85 
 1 66 
 34 100 
 46 74 
 65 87 
 38 70 
 57 83 
 17 47 
 76 96 
 49 79 
 9 43 
 28 56 
 68 92 
 15 86 
 26 95 
 6 37 
 58 84 
 30 65 
 50 80 
 61 89 
 8 83 
 27 96 
 19 92 
 20 57 
 39 70 
 12 53 
 11 88 
 31 66 
 4 49 
 23 62 
 24 27 
 3 4 
 35 36 
 1 43 
 34 77 
 4 85 
 24 63 
 37 82 
 64 99 
 16 59 
 17 24 
 57 60 
 36 37 
 56 95 
 68 69 
 28 33 
 14 98 
 26 72 
 46 87 
 6 14 
 5 49 
 38 83 
 58 61 
 49 92 
 50 57 
 90 93 
 69 70 
 42 53 
 61 66 
 7 95 
 8 60 
 27 73 
 19 69 
 20 34 
 39 47 
 11 65 
 30 78 
 91 94 
 23 39 
 2 16 
 75 86 
 94 99 
 41 93 
 20 70 
 12 66 
 53 67 
 44 98 
 72 80 
 4 62 
 32 44 
 24 40 
 43 53 
 16 36 
 56 72 
 22 79 
 1 56 
 34 90 
 5 26 
 46 64 
 65 77 
 37 95 
 17 37 
 57 73 
 76 86 
 9 33 
 49 69 
 68 82 
 15 76 
 7 72 
 26 85 
 27 50 
 18 81 
 19 46 
 71 93 
 63 89 
 42 66 
 8 73 
 19 82 
 20 47 
 60 83 
 11 78 
 52 79 
 12 43 
 31 56 
 4 39 
 23 52 
 75 99 
 1 33 
 34 67 
 53 80 
 25 98 
 13 44 
 64 89 
 37 72 
 16 49 
 9 10 
 15 53 
 26 62 
 5 39 
 18 58 
 46 77 
 38 73 
 49 82 
 42 43 
 15 89 
 7 85 
 48 86 
 8 50 
 27 63 
 18 94 
 19 59 
 20 24 
 11 55 
 12 20 
 30 68 
 31 33 
 23 29 
 75 76 
 41 83 
 1 10 
 60 96 
 12 56 
 52 92 
 13 21 
 44 88 
 4 52 
 53 57 
 24 30 
 64 66 
 10 95 
 16 26 
 56 62 
 2 91 
 22 69 
 1 46 
 14 65 
 34 80 
 45 89 
 86 90 
 5 16 
 37 85 
 46 54 
 65 67 
 97 99 
 57 63 
 3 92 
 89 95 
 49 59 
 68 72 
 78 86 
 15 66 
 47 98 
 7 62 
 26 75 
 27 40 
 8 27 
 18 71 
 79 87 
 11 32 
 98 100 
 30 45 
 71 83 
 63 79 
 82 92 
 40 95 
 20 37 
 11 68 
 12 33 
 52 69 
 4 29 
 44 65 
 23 42 
 10 72 
 75 89 
 41 96 
 1 23 
 33 92 
 34 57 
 25 88 
 45 66 
 64 79 
 37 62 
 56 75 
 3 69 
 22 82 
 15 43 
 67 90 
 26 52 
 18 48 
 59 86 
 17 89 
 28 98 
 7 75 
 8 40 
 48 76 
 27 53 
 40 72 
 19 49 
 6 79 
 11 45 
 71 96 
 30 58 
 4 6 
 29 99 
 21 95 
 41 73 
 60 86 
 52 82 
 25 65 
 44 78 
 10 85 
 2 81 
 3 46 
 22 59 
 15 20 
 34 70 
 26 29 
 5 6 
 18 25 
 37 75 
 38 40 
 70 72 
 3 82 
 36 79 
 55 92 
 15 56 
 47 88 
 8 17 
 26 65 
 27 30 
 59 99 
 18 61 
 19 26 
 5 91 
 11 22 
 30 35 
 71 73 
 63 69 
 9 98 
 29 76 
 48 89 
 21 72 
 40 85 
 41 50 
 60 63 
 33 46 
 6 92 
 52 59 
 12 23 
 4 19 
 44 55 
 10 62 
 2 58 
 22 36 
 1 13 
 33 82 
 74 83 
 34 47 
 25 78 
 66 79 
 85 92 
 32 86 
 37 52 
 56 65 
 2 94 
 3 59 
 43 95 
 22 72 
 35 91 
 14 68 
 55 69 
 15 33 
 1 98 
 7 29 
 26 42 
 67 80 
 86 93 
 18 38 
 70 85 
 89 98 
 17 79 
 36 92 
 29 53 
 40 62 
 6 69 
 11 35 
 63 82 
 29 89 
 21 85 
 62 86 
 41 63 
 81 99 
 73 95 
 33 59 
 52 72 
 25 55 
 44 68 
 31 98 
 10 75 
 51 76 
 2 71 
 3 36 
 14 45 
 66 92 
 13 86 
 32 99 
 24 95 
 16 91 
 36 69 
 28 65 
 47 78 
 11 12 
 17 92 
 9 88 
 29 66 
 61 98 
 40 75 
 33 36 
 6 82 
 25 32 
 44 45 
 4 9 
 10 52 
 2 48 
 62 99 
 22 26 
 54 95 
 14 22 
 12 98 
 32 76 
 4 94 
 37 42 
 24 72 
 43 85 
 3 49 
 35 81 
 36 46 
 55 59 
 96 97 
 1 88 
 47 55 
 7 19 
 26 32 
 67 70 
 13 99 
 18 28 
 59 66 
 70 75 
 17 69 
 36 82 
 77 83 
 29 43 
 47 91 
 48 56 
 21 39 
 40 52 
 5 94 
 6 59 
 92 99 
 10 29 
 42 98 
 2 25 
 21 75 
 62 76 
 81 89 
 54 72 
 33 49 
 73 85 
 25 45 
 20 79 
 39 92 
 31 88 
 32 53 
 51 66 
 23 84 
 2 61 
 84 100 
 43 62 
 22 39 
 3 26 
 14 35 
 66 82 
 13 76 
 32 89 
 24 85 
 16 81 
 17 46 
 35 94 
 36 59 
 9 42 
 76 95 
 28 55 
 47 68 
 5 71 
 17 82 
 77 96 
 9 78 
 50 79 
 29 56 
 69 92 
 61 88 
 21 52 
 19 91 
 39 69 
 30 100 
 2 38 
 62 89 
 54 85 
 73 98 
 20 92 
 12 88 
 13 53 
 32 66 
 23 97 
 43 75 
 16 58 
 35 71 
 28 32 
 1 78 
 46 86 
 5 48 
 65 99 
 16 94 
 17 59 
 58 60 
 57 95 
 49 91 
 9 55 
 28 68 
 29 33 
 15 98 
 61 65 
 21 29 
 40 42 
 5 84 
 6 49 
 58 96 
 50 92 
 10 19 
 42 88 
 62 66 
 8 95 
 54 62 
 25 35 
 20 69 
 39 82 
 12 65 
 31 78 
 32 43 
 51 56 
 24 39 
 23 74 
 43 52 
 35 48 
 95 99 
 14 25 
 1 55 
 87 95 
 13 66 
 4 97 
 45 98 
 24 75 
 65 76 
 16 71 
 17 36 
 76 85 
 9 32 
 36 49 
 28 45 
 1 91 
 47 58 
 68 81 
 6 26 
 38 95 
 58 73 
 77 86 
 50 69 
 69 82 
 42 65 
 61 78 
 80 91 
 8 72 
 19 81 
 20 46 
 39 59 
 11 77 
 30 90 
 31 55 
 10 32 
 23 51 
 54 75 
 20 82 
 12 78 
 13 43 
 32 56 
 72 92 
 23 87 
 64 88 
 24 52 
 43 65 
 16 48 
 35 61 
 1 68 
 46 76 
 5 38 
 65 89 
 38 72 
 17 49 
 57 85 
 49 81 
 68 94 
 15 88 
 26 97 
 27 62 
 6 39 
 30 67 
 42 78 
 2 5 
 8 85 
 27 98 
 19 94 
 20 59 
 60 95 
 11 90 
 12 55 
 13 20 
 31 68 
 32 33 
 4 51 
 23 64 
 24 29 
 16 25 
 35 38 
 1 45 
 34 79 
 53 92 
 13 56 
 45 88 
 5 15 
 46 53 
 56 97 
 17 26 
 16 61 
 36 39 
 49 58 
 9 22 
 68 71 
 57 62 
 14 100 
 15 65 
 28 35 
 26 74 
 46 89 
 6 16 
 5 51 
 38 85 
 79 86 
 58 63 
 98 99 
 90 95 
 69 72 
 7 97 
 8 62 
 27 75 
 19 71 
 20 36 
 11 67 
 12 32 
 30 80 
 39 49 
 91 96 
 83 92 
 2 18 
 75 88 
 41 95 
 1 22 
 33 91 
 12 68 
 53 69 
 4 64 
 72 82 
 44 100 
 24 42 
 64 78 
 45 65 
 56 74 
 32 46 
 35 51 
 1 58 
 34 92 
 5 28 
 46 66 
 37 97 
 38 62 
 65 79 
 57 75 
 49 71 
 9 35 
 68 84 
 15 78 
 7 74 
 27 52 
 18 83 
 19 48 
 79 99 
 11 44 
 30 57 
 71 95 
 42 68 
 8 75 
 41 72 
 60 85 
 20 49 
 11 80 
 12 45 
 31 58 
 1 35 
 34 69 
 45 78 
 64 91 
 37 74 
 38 39 
 3 81 
 9 12 
 22 94 
 14 90 
 15 55 
 26 64 
 27 29 
 18 60 
 59 98 
 38 75 
 71 72 
 30 34 
 42 45 
 7 87 
 48 88 
 8 52 
 27 65 
 20 26 
 60 62 
 11 57 
 12 22 
 31 35 
 4 18 
 23 31 
 75 78 
 1 12 
 60 98 
 33 81 
 34 46 
 52 94 
 53 59 
 93 95 
 4 54 
 45 55 
 44 90 
 13 23 
 25 77 
 10 97 
 56 64 
 16 28 
 3 58 
 14 67 
 34 82 
 26 41 
 67 79 
 86 92 
 46 56 
 5 18 
 38 52 
 78 88 
 57 65 
 70 84 
 3 94 
 49 61 
 89 97 
 36 91 
 15 68 
 7 64 
 8 29 
 26 77 
 47 100 
 18 73 
 79 89 
 11 34 
 30 47 
 71 85 
 63 81 
 82 94 
 29 88 
 21 84 
 40 97 
 41 62 
 60 75 
 33 58 
 12 35 
 52 71 
 44 67 
 23 44 
 10 74 
 2 70 
 22 48 
 1 25 
 33 94 
 74 95 
 34 59 
 53 72 
 66 91 
 45 68 
 32 98 
 56 77 
 3 71 
 22 84 
 15 45 
 26 54 
 67 92 
 18 50 
 70 97 
 17 91 
 9 87 
 28 100 
 29 65 
 8 42 
 40 74 
 19 51 
 4 8 
 21 97 
 62 98 
 41 75 
 33 71 
 34 36 
 52 84 
 44 80 
 37 41 
 10 87 
 51 88 
 2 83 
 3 48 
 22 61 
 14 57 
 15 22 
 7 18 
 67 69 
 26 31 
 13 98 
 59 65 
 18 27 
 38 42 
 70 74 
 36 81 
 15 58 
 28 77 
 7 54 
 47 90 
 8 19 
 27 32 
 18 63 
 19 28 
 5 93 
 11 24 
 71 75 
 63 71 
 82 84 
 9 100 
 29 78 
 48 91 
 40 87 
 41 52 
 60 65 
 33 48 
 6 94 
 4 21 
 44 57 
 10 64 
 2 60 
 22 38 
 14 34 
 74 85 
 34 49 
 25 80 
 93 98 
 66 81 
 45 58 
 85 94 
 37 54 
 24 84 
 3 61 
 14 70 
 15 35 
 55 71 
 47 67 
 7 31 
 26 44 
 15 23 
 59 78 
 18 40 
 70 87 
 17 81 
 36 94 
 77 95 
 28 90 
 29 55 
 21 51 
 40 64 
 80 100 
 6 71 
 10 41 
 21 87 
 62 88 
 41 65 
 54 84 
 33 61 
 73 97 
 25 57 
 20 91 
 44 70 
 10 77 
 23 96 
 51 78 
 2 73 
 43 74 
 3 38 
 22 51 
 14 47 
 74 98 
 7 8 
 66 94 

