100 2500 3069

97 81 75 2 3 3 74 51 2 56 16 95 69 27 89 78 73 28 82 69 1 52 68 58 55 86 11 54 16 84 57 93 83 85 33 17 72 7 13 36 75 56 87 39 44 41 79 60 8 18 78 56 15 76 59 15 54 55 61 4 24 28 8 58 30 13 45 62 23 44 66 10 89 38 6 94 32 43 90 70 36 75 69 26 20 84 77 22 20 30 65 30 83 48 59 68 41 42 97 85

65 88 28 11 78 45 52 63 68 64 98 8 58 52 33 51 68 29 41 7 56 84 43 96 84 56 51 96 89 26 60 61 67 42 63 28 77 8 96 46 64 17 63 26 64 57 21 40 33 26 74 17 23 34 88 47 20 26 47 24 76 3 24 90 57 43 3 83 73 33 70 96 42 79 12 51 2 35 55 28 69 62 41 81 11 100 80 35 28 6 26 85 84 84 61 79 88 6 18 69

 13 88 
 16 93 
 17 58 
 36 71 
 28 67 
 29 32 
 5 83 
 6 48 
 58 95 
 61 100 
 21 64 
 40 77 
 41 42 
 6 84 
 25 34 
 39 81 
 3 15 
 54 97 
 14 24 
 12 100 
 13 65 
 24 74 
 43 87 
 16 70 
 55 61 
 7 21 
 59 68 
 5 60 
 70 77 
 28 80 
 48 58 
 80 90 
 5 96 
 6 61 
 10 31 
 25 47 
 31 90 
 32 55 
 51 68 
 23 86 
 35 60 
 32 91 
 24 87 
 65 88 
 17 48 
 35 96 
 76 97 
 68 93 
 5 73 
 58 85 
 9 80 
 77 98 
 69 94 
 8 84 
 11 89 
 10 44 
 2 40 
 3 5 
 62 91 
 54 87 
 12 90 
 13 55 
 32 68 
 4 86 
 51 81 
 64 100 
 24 64 
 16 60 
 35 73 
 1 80 
 7 11 
 46 88 
 57 97 
 58 62 
 50 58 
 29 35 
 15 100 
 7 96 
 6 51 
 58 98 
 2 17 
 62 68 
 73 77 
 13 32 
 4 63 
 24 41 
 16 37 
 87 97 
 1 57 
 34 91 
 13 68 
 4 99 
 45 100 
 37 96 
 16 73 
 17 38 
 57 74 
 76 87 
 28 47 
 88 98 
 26 86 
 38 97 
 58 75 
 69 84 
 27 87 
 20 48 
 11 79 
 39 61 
 31 57 
 1 34 
 12 80 
 53 81 
 13 45 
 32 58 
 4 76 
 23 89 
 24 54 
 16 50 
 5 40 
 76 100 
 9 47 
 8 51 
 26 99 
 19 60 
 11 56 
 30 69 
 31 34 
 2 7 
 8 87 
 19 96 
 60 97 
 13 22 
 35 40 
 34 81 
 53 94 
 45 90 
 46 55 
 37 86 
 56 99 
 57 64 
 3 93 
 9 24 
 49 60 
 28 37 
 26 76 
 27 41 
 6 18 
 58 65 
 90 97 
 60 74 
 11 69 
 12 34 
 31 47 
 91 98 
 41 97 
 34 58 
 13 35 
 25 89 
 4 66 
 45 67 
 72 84 
 37 63 
 16 40 
 3 70 
 14 79 
 38 64 
 78 100 
 57 77 
 49 73 
 18 85 
 63 93 
 21 96 
 41 74 
 33 70 
 12 47 
 52 83 
 44 79 
 23 56 
 10 86 
 16 17 
 1 37 
 34 71 
 5 7 
 37 76 
 38 41 
 56 89 
 49 50 
 14 92 
 15 57 
 27 31 
 18 62 
 19 27 
 50 51 
 63 70 
 42 47 
 8 54 
 52 60 
 12 24 
 31 37 
 75 80 
 33 83 
 52 96 
 93 97 
 72 74 
 85 93 
 64 70 
 16 30 
 56 66 
 3 60 
 22 73 
 14 69 
 26 43 
 86 94 
 18 39 
 78 90 
 38 54 
 89 99 
 36 93 
 8 31 
 48 67 
 18 75 
 11 36 
 30 49 
 82 96 
 29 90 
 41 64 
 25 56 
 22 50 
 3 73 
 15 47 
 55 83 
 18 52 
 70 99 
 17 93 
 29 67 
 8 44 
 40 76 
 11 49 
 6 83 
 44 46 
 4 10 
 21 99 
 62 100 
 41 77 
 54 96 
 33 73 
 45 47 
 43 86 
 14 59 
 15 24 
 7 20 
 26 33 
 59 67 
 78 80 
 70 76 
 17 70 
 55 96 
 28 79 
 8 21 
 48 57 
 40 53 
 19 30 
 5 95 
 6 60 
 11 26 
 71 77 
 63 73 
 21 76 
 40 89 
 41 54 
 60 67 
 33 50 
 6 96 
 52 63 
 39 93 
 2 62 
 3 27 
 22 40 
 34 51 
 74 87 
 93 100 
 13 77 
 37 56 
 24 86 
 35 95 
 36 60 
 47 69 
 7 33 
 67 84 
 59 80 
 18 42 
 70 89 
 17 83 
 77 97 
 69 93 
 21 53 
 40 66 
 6 73 
 10 43 
 2 39 
 33 63 
 20 93 
 25 59 
 32 67 
 23 98 
 2 75 
 22 53 
 35 72 
 14 49 
 7 10 
 66 96 
 13 90 
 24 99 
 65 100 
 16 95 
 55 86 
 29 34 
 47 82 
 8 11 
 40 43 
 5 85 
 11 16 
 58 97 
 9 92 
 42 89 
 21 66 
 62 67 
 41 44 
 73 76 
 39 83 
 31 79 
 51 57 
 3 17 
 54 99 
 14 26 
 85 86 
 32 80 
 4 98 
 55 63 
 28 46 
 7 23 
 88 97 
 5 62 
 6 27 
 38 96 
 9 69 
 77 87 
 28 82 
 69 83 
 61 79 
 21 43 
 80 92 
 10 33 
 20 83 
 39 96 
 32 57 
 51 70 
 23 88 
 43 66 
 3 30 
 1 69 
 16 85 
 17 50 
 57 86 
 36 63 
 28 59 
 47 72 
 26 98 
 6 40 
 8 86 
 27 99 
 19 95 
 20 60 
 25 26 
 11 91 
 39 73 
 32 34 
 23 65 
 2 42 
 54 89 
 12 92 
 13 57 
 32 70 
 24 66 
 17 27 
 36 40 
 28 36 
 1 82 
 47 49 
 5 52 
 6 17 
 46 90 
 38 86 
 57 99 
 58 64 
 49 95 
 50 60 
 21 33 
 19 72 
 30 81 
 31 46 
 50 96 
 10 23 
 42 92 
 83 93 
 62 70 
 20 73 
 39 86 
 12 69 
 13 34 
 24 43 
 43 56 
 84 94 
 87 99 
 34 93 
 46 67 
 5 29 
 65 80 
 16 75 
 57 76 
 17 40 
 9 36 
 49 72 
 68 85 
 18 84 
 6 30 
 79 100 
 58 77 
 50 73 
 42 69 
 61 82 
 8 76 
 27 89 
 20 50 
 11 81 
 39 63 
 31 59 
 23 55 
 12 82 
 13 47 
 53 83 
 72 96 
 45 79 
 64 92 
 56 88 
 9 13 
 22 95 
 14 91 
 46 80 
 5 42 
 65 93 
 49 85 
 68 98 
 15 92 
 7 88 
 8 53 
 27 66 
 18 97 
 39 40 
 31 36 
 8 89 
 41 86 
 60 99 
 20 63 
 11 94 
 13 24 
 24 33 
 43 46 
 35 42 
 1 49 
 34 83 
 46 57 
 38 53 
 17 30 
 57 66 
 3 95 
 49 62 
 26 78 
 18 74 
 79 90 
 71 86 
 30 48 
 50 63 
 90 99 
 42 59 
 8 66 
 60 76 
 20 40 
 83 96 
 75 92 
 53 73 
 72 86 
 56 78 
 16 42 
 22 85 
 14 81 
 15 46 
 67 93 
 18 51 
 15 82 
 7 78 
 27 56 
 19 52 
 12 13 
 30 61 
 63 95 
 41 76 
 1 3 
 52 85 
 12 49 
 4 45 
 45 46 
 16 19 
 2 84 
 22 62 
 1 39 
 34 73 
 45 82 
 5 9 
 46 47 
 38 43 
 49 52 
 22 98 
 14 94 
 15 59 
 18 64 
 19 29 
 79 80 
 11 25 
 30 38 
 71 76 
 63 72 
 82 85 
 48 92 
 40 88 
 41 53 
 20 30 
 60 66 
 11 61 
 12 26 
 52 62 
 4 22 
 10 65 
 41 89 
 1 16 
 25 81 
 93 99 
 44 94 
 53 63 
 15 36 
 26 45 
 67 83 
 86 96 
 18 41 
 70 88 
 36 95 
 28 91 
 48 69 
 19 42 
 11 38 
 6 72 
 30 51 
 63 85 
 29 92 
 21 88 
 41 66 
 33 62 
 52 75 
 44 71 
 4 35 
 2 74 
 22 52 
 14 48 
 37 68 
 24 98 
 36 72 
 55 85 
 7 45 
 8 10 
 26 58 
 59 92 
 17 95 
 9 91 
 29 69 
 48 82 
 41 43 
 33 39 
 6 85 
 10 55 
 2 51 
 74 76 
 34 40 
 66 72 
 45 49 
 2 87 
 43 88 
 3 52 
 22 65 
 14 61 
 96 100 
 7 22 
 26 35 
 18 31 
 78 82 
 70 78 
 89 91 
 17 72 
 36 85 
 9 68 
 47 94 
 8 23 
 5 97 
 63 75 
 62 79 
 52 65 
 39 95 
 31 91 
 51 69 
 3 29 
 74 89 
 66 85 
 32 92 
 24 88 
 16 84 
 55 75 
 28 58 
 5 74 
 58 86 
 9 81 
 77 99 
 29 59 
 69 95 
 61 91 
 21 55 
 6 75 
 62 92 
 54 88 
 14 15 
 25 61 
 23 100 
 24 65 
 51 82 
 43 78 
 35 74 
 14 51 
 1 81 
 47 48 
 13 92 
 16 97 
 17 62 
 57 98 
 36 75 
 9 58 
 80 81 
 58 99 
 10 22 
 42 91 
 21 68 
 62 69 
 81 82 
 8 98 
 73 78 
 20 72 
 39 85 
 31 81 
 23 77 
 43 55 
 14 28 
 66 75 
 4 100 
 35 87 
 28 48 
 1 94 
 5 64 
 6 29 
 17 75 
 77 89 
 29 49 
 61 81 
 80 94 
 27 88 
 73 91 
 32 59 
 72 95 
 51 72 
 24 55 
 1 71 
 13 82 
 46 79 
 65 92 
 17 52 
 9 48 
 49 84 
 68 97 
 28 61 
 21 22 
 26 100 
 5 77 
 58 89 
 50 85 
 69 98 
 61 94 
 8 88 
 54 55 
 19 97 
 25 28 
 11 93 
 39 75 
 31 71 
 23 67 
 3 9 
 43 45 
 35 41 
 14 18 
 87 88 
 56 100 
 36 42 
 9 25 
 28 38 
 46 92 
 58 66 
 50 62 
 69 75 
 42 58 
 7 100 
 27 78 
 11 70 
 39 52 
 83 95 
 2 21 
 54 68 
 20 75 
 24 45 
 16 41 
 35 54 
 5 31 
 46 69 
 76 91 
 9 38 
 68 87 
 15 81 
 7 77 
 27 55 
 30 60 
 50 75 
 61 84 
 27 91 
 20 52 
 12 48 
 30 96 
 31 61 
 23 57 
 1 38 
 34 72 
 64 94 
 37 77 
 9 15 
 22 97 
 26 67 
 5 44 
 46 82 
 38 78 
 57 91 
 49 87 
 7 90 
 18 99 
 39 42 
 23 34 
 2 11 
 83 85 
 41 88 
 1 15 
 52 97 
 53 62 
 44 93 
 4 57 
 72 75 
 64 71 
 24 35 
 10 100 
 32 39 
 2 96 
 86 95 
 37 90 
 3 97 
 49 64 
 89 100 
 68 77 
 7 67 
 8 32 
 26 80 
 18 76 
 19 41 
 79 92 
 11 37 
 71 88 
 63 84 
 82 97 
 29 91 
 8 68 
 60 78 
 12 38 
 52 74 
 31 51 
 23 47 
 83 98 
 75 94 
 1 28 
 33 97 
 34 62 
 53 75 
 25 93 
 45 71 
 56 80 
 3 74 
 18 53 
 38 68 
 7 80 
 8 45 
 27 58 
 18 89 
 19 54 
 11 50 
 4 11 
 63 97 
 23 24 
 21 100 
 1 5 
 33 74 
 52 87 
 25 70 
 44 83 
 45 48 
 4 47 
 10 90 
 2 86 
 3 51 
 14 60 
 67 72 
 5 11 
 46 49 
 57 58 
 3 87 
 49 54 
 89 90 
 14 96 
 55 97 
 15 61 
 47 93 
 8 22 
 7 57 
 18 66 
 19 31 
 71 78 
 90 91 
 63 74 
 41 55 
 33 51 
 6 97 
 52 64 
 12 28 
 44 60 
 23 37 
 10 67 
 2 63 
 33 87 
 53 65 
 44 96 
 56 70 
 15 38 
 7 34 
 26 47 
 78 94 
 70 90 
 17 84 
 36 97 
 28 93 
 29 58 
 48 71 
 19 44 
 6 74 
 63 87 
 29 94 
 21 90 
 41 68 
 33 64 
 52 77 
 44 73 
 2 76 
 3 41 
 66 97 
 13 91 
 16 96 
 15 51 
 28 70 
 47 83 
 8 12 
 59 94 
 19 21 
 5 86 
 17 97 
 63 64 
 48 84 
 21 67 
 41 45 
 33 41 
 52 54 
 44 50 
 4 14 
 10 57 
 2 53 
 54 100 
 14 27 
 66 74 
 45 51 
 85 87 
 37 47 
 43 90 
 15 28 
 7 24 
 59 71 
 18 33 
 70 80 
 17 74 
 36 87 
 9 70 
 29 48 
 48 61 
 40 57 
 11 30 
 62 81 
 73 90 
 25 50 
 44 63 
 31 93 
 43 67 
 22 44 
 14 40 
 32 94 
 16 86 
 36 64 
 55 77 
 28 60 
 47 73 
 7 37 
 5 76 
 6 41 
 58 88 
 50 84 
 69 97 
 21 57 
 61 93 
 40 70 
 25 27 
 39 74 
 10 47 
 2 43 
 3 8 
 54 90 
 14 17 
 20 97 
 12 93 
 4 89 
 51 84 
 24 67 
 43 80 
 36 41 
 15 18 
 1 83 
 7 14 
 47 50 
 13 94 
 59 61 
 46 91 
 16 99 
 17 64 
 57 100 
 49 96 
 28 73 
 69 74 
 48 51 
 6 54 
 92 94 
 50 97 
 10 24 
 42 93 
 62 71 
 8 100 
 54 67 
 81 84 
 33 44 
 20 74 
 12 70 
 31 83 
 32 48 
 23 79 
 51 61 
 3 21 
 84 95 
 14 30 
 87 100 
 13 71 
 36 54 
 76 90 
 9 37 
 28 50 
 1 96 
 47 63 
 29 51 
 80 96 
 8 77 
 39 64 
 10 37 
 2 33 
 62 84 
 20 87 
 13 48 
 31 96 
 32 61 
 72 97 
 51 74 
 24 57 
 23 92 
 4 79 
 64 93 
 35 66 
 65 94 
 57 90 
 17 54 
 49 86 
 68 99 
 28 63 
 27 67 
 18 98 
 30 72 
 10 14 
 2 10 
 61 96 
 8 90 
 54 57 
 19 99 
 60 100 
 11 95 
 39 77 
 23 69 
 24 34 
 84 85 
 43 47 
 35 43 
 5 20 
 24 70 
 37 89 
 57 67 
 17 31 
 76 80 
 28 40 
 26 79 
 5 56 
 49 99 
 77 81 
 80 86 
 8 67 
 20 41 
 11 72 
 30 85 
 31 50 
 23 46 
 2 23 
 54 70 
 41 100 
 33 96 
 12 73 
 13 38 
 4 69 
 32 51 
 72 87 
 24 47 
 84 98 
 35 56 
 22 86 
 34 97 
 46 71 
 38 67 
 76 93 
 49 76 
 26 92 
 18 88 
 19 53 
 30 62 
 8 80 
 19 89 
 60 90 
 20 54 
 11 85 
 12 50 
 16 20 
 1 40 
 34 74 
 45 83 
 38 44 
 56 92 
 17 21 
 9 17 
 22 99 
 14 95 
 46 84 
 18 65 
 6 11 
 38 80 
 50 54 
 42 50 
 7 92 
 8 57 
 27 70 
 19 66 
 39 44 
 12 27 
 11 62 
 4 23 
 83 87 
 75 83 
 33 86 
 13 28 
 44 95 
 45 60 
 72 77 
 64 73 
 16 33 
 56 69 
 14 72 
 34 87 
 46 61 
 37 92 
 49 66 
 68 79 
 15 73 
 8 34 
 18 78 
 79 94 
 21 89 
 52 76 
 4 36 
 23 49 
 10 79 
 1 30 
 33 99 
 74 100 
 45 73 
 64 86 
 3 76 
 22 89 
 14 85 
 26 59 
 67 97 
 59 93 
 17 96 
 7 82 
 19 56 
 20 21 
 6 86 
 11 52 
 52 53 
 23 26 
 41 80 
 60 93 
 25 72 
 44 85 
 45 50 
 16 23 
 2 88 
 3 53 
 14 62 
 67 74 
 5 13 
 86 87 
 18 32 
 70 79 
 89 92 
 36 86 
 47 95 
 27 37 
 18 68 
 79 84 
 11 29 
 5 98 
 30 42 
 71 80 
 63 76 
 60 70 
 6 99 
 52 66 
 25 49 
 44 62 
 10 69 
 74 90 
 34 54 
 66 86 
 37 59 
 14 75 
 55 76 
 15 40 
 7 36 
 67 87 
 26 49 
 59 83 
 18 45 
 70 92 
 36 99 
 9 82 
 28 95 
 29 60 
 21 56 
 6 76 
 11 42 
 10 46 
 29 96 
 62 93 
 41 70 
 25 62 
 44 75 
 2 78 
 15 17 
 7 13 
 59 60 
 17 63 
 36 76 
 55 89 
 8 14 
 40 46 
 5 88 
 6 53 
 11 19 
 30 32 
 29 73 
 73 79 
 4 16 
 44 52 
 2 55 
 22 33 
 74 80 
 34 44 
 37 49 
 51 96 
 24 79 
 43 92 
 35 88 
 36 53 
 15 30 
 55 66 
 7 26 
 47 62 
 26 39 
 59 73 
 70 82 
 17 76 
 36 89 
 28 85 
 21 46 
 80 95 
 10 36 
 62 83 
 33 56 
 73 92 
 20 86 
 39 99 
 31 95 
 23 91 
 51 73 
 3 33 
 22 46 
 35 65 
 14 42 
 1 72 
 66 89 
 32 96 
 16 88 
 36 66 
 9 49 
 55 79 
 28 62 
 5 78 
 9 85 
 69 99 
 42 82 
 29 63 
 21 59 
 61 95 
 39 76 
 31 72 
 10 49 
 2 45 
 3 10 
 13 60 
 32 73 
 51 86 
 43 82 
 16 65 
 36 43 
 28 39 
 1 85 
 7 16 
 47 52 
 59 63 
 46 93 
 5 55 
 38 89 
 17 66 
 58 67 
 49 98 
 77 80 
 28 75 
 9 62 
 48 53 
 61 72 
 40 49 
 92 96 
 6 56 
 30 84 
 2 22 
 62 73 
 54 69 
 25 42 
 20 76 
 39 89 
 12 72 
 31 85 
 32 50 
 51 63 
 23 81 
 84 97 
 35 55 
 14 32 
 13 73 
 24 82 
 36 56 
 28 52 
 47 65 
 5 68 
 6 33 
 58 80 
 50 76 
 21 49 
 80 98 
 8 79 
 27 92 
 19 88 
 39 66 
 30 97 
 10 39 
 23 58 
 2 35 
 20 89 
 32 63 
 23 94 
 24 59 
 64 95 
 43 72 
 56 91 
 35 68 
 46 83 
 6 10 
 38 79 
 17 56 
 9 52 
 29 30 
 15 95 
 61 62 
 21 26 
 7 91 
 18 100 
 19 65 
 50 89 
 2 12 
 54 59 
 94 95 
 12 62 
 52 98 
 72 76 
 32 40 
 84 87 
 43 49 
 35 45 
 95 96 
 34 86 
 13 63 
 5 22 
 37 91 
 65 73 
 17 33 
 76 82 
 9 29 
 68 78 
 15 72 
 46 96 
 5 58 
 6 23 
 79 93 
 69 79 
 82 98 
 42 62 
 61 75 
 19 78 
 12 39 
 30 87 
 31 52 
 23 48 
 75 95 
 1 29 
 33 98 
 12 75 
 13 40 
 25 94 
 4 71 
 45 72 
 72 89 
 56 81 
 16 45 
 22 88 
 1 65 
 34 99 
 46 73 
 57 82 
 49 78 
 68 91 
 15 85 
 26 94 
 19 55 
 63 98 
 23 25 
 42 75 
 52 88 
 12 52 
 4 48 
 23 61 
 10 91 
 16 22 
 1 42 
 53 89 
 45 85 
 64 98 
 37 81 
 56 94 
 57 59 
 17 23 
 3 88 
 9 19 
 49 55 
 14 97 
 15 62 
 7 58 
 27 36 
 18 67 
 38 82 
 79 83 
 71 79 
 50 56 
 90 92 
 42 52 
 27 72 
 19 68 
 60 69 
 39 46 
 30 77 
 31 42 
 4 25 
 91 93 
 23 38 
 75 85 
 41 92 
 1 19 
 34 53 
 53 66 
 4 61 
 45 62 
 72 79 
 64 75 
 44 97 
 56 71 
 16 35 
 2 100 
 67 86 
 38 59 
 78 95 
 70 91 
 36 98 
 7 71 
 8 36 
 27 49 
 18 80 
 79 96 
 11 41 
 71 92 
 63 88 
 29 95 
 52 78 
 44 74 
 22 55 
 53 79 
 66 98 
 45 75 
 3 78 
 22 91 
 55 88 
 15 52 
 7 48 
 8 13 
 18 57 
 11 18 
 30 31 
 17 98 
 9 94 
 48 85 
 40 81 
 11 54 
 52 55 
 6 88 
 4 15 
 23 28 
 41 82 
 1 9 
 33 78 
 34 43 
 45 52 
 64 65 
 51 95 
 2 90 
 22 68 
 15 29 
 7 25 
 86 89 
 18 34 
 38 49 
 78 85 
 70 81 
 7 61 
 8 26 
 5 100 
 71 82 
 30 44 
 63 78 
 82 91 
 29 85 
 48 98 
 81 95 
 33 55 
 25 51 
 44 64 
 2 67 
 22 45 
 14 41 
 66 88 
 24 91 
 35 100 
 14 77 
 15 42 
 18 47 
 78 98 
 70 94 
 17 88 
 29 62 
 48 75 
 21 58 
 6 78 
 10 48 
 2 44 
 21 94 
 54 91 
 25 64 
 20 98 
 37 38 
 51 85 
 2 80 
 43 81 
 22 58 
 15 19 
 26 28 
 18 24 
 16 100 
 17 65 
 36 78 
 29 39 
 48 52 
 19 25 
 5 90 
 6 55 
 11 21 
 50 98 
 29 75 
 62 72 
 41 49 
 44 54 
 51 62 
 2 57 
 3 22 
 22 35 
 14 31 
 74 82 
 32 85 
 24 81 
 43 94 
 16 77 
 35 90 
 7 28 
 59 75 
 18 37 
 17 78 
 9 74 
 77 92 
 28 87 
 69 88 
 40 61 
 10 38 
 81 98 
 54 81 
 25 54 
 31 97 
 51 75 
 24 58 
 43 71 
 3 35 
 35 67 
 14 44 
 16 90 
 17 55 
 36 68 
 58 92 
 50 88 
 61 97 
 21 61 
 8 91 
 20 65 
 31 74 
 23 70 
 2 47 
 14 21 
 43 84 
 17 32 
 35 80 
 36 45 
 55 58 
 28 41 
 47 54 
 5 57 
 6 22 
 46 95 
 38 91 
 58 69 
 49 100 
 29 42 
 80 87 
 40 51 
 27 81 
 39 55 
 30 86 
 10 28 
 2 24 
 73 84 
 12 74 
 32 52 
 84 99 
 43 61 
 1 64 
 13 75 
 46 72 
 65 85 
 16 80 
 17 45 
 36 58 
 49 77 
 28 54 
 68 90 
 26 93 
 50 78 
 69 91 
 61 87 
 8 81 
 27 94 
 19 90 
 20 55 
 39 68 
 12 51 
 30 99 
 1 41 
 12 87 
 13 52 
 4 83 
 17 22 
 35 70 
 9 18 
 22 100 
 28 31 
 1 77 
 57 94 
 58 59 
 9 54 
 50 55 
 49 90 
 7 93 
 8 58 
 27 71 
 39 45 
 11 63 
 31 41 
 42 87 
 2 14 
 75 84 
 8 94 
 94 97 
 54 61 
 11 99 
 52 100 
 72 78 
 23 73 
 24 38 
 64 74 
 16 34 
 35 47 
 95 98 
 1 54 
 87 94 
 34 88 
 45 97 
 37 93 
 65 75 
 38 58 
 17 35 
 76 84 
 49 67 
 68 80 
 28 44 
 18 79 
 6 25 
 38 94 
 79 95 
 58 72 
 71 91 
 30 53 
 50 68 
 82 100 
 42 64 
 61 77 
 8 71 
 11 76 
 12 41 
 30 89 
 31 54 
 4 37 
 23 50 
 75 97 
 1 31 
 34 65 
 13 42 
 25 96 
 4 73 
 45 74 
 72 91 
 24 51 
 37 70 
 22 90 
 5 37 
 46 75 
 38 71 
 18 92 
 19 57 
 63 100 
 23 27 
 2 4 
 41 81 
 60 94 
 12 54 
 13 19 
 53 55 
 44 86 
 23 63 
 24 28 
 16 24 
 35 37 
 53 91 
 86 88 
 3 90 
 49 57 
 9 21 
 68 70 
 14 99 
 15 64 
 7 60 
 8 25 
 26 73 
 19 34 
 30 43 
 82 90 
 42 54 
 8 61 
 48 97 
 19 70 
 20 35 
 6 100 
 11 66 
 52 67 
 75 87 
 33 90 
 72 81 
 44 99 
 67 88 
 78 97 
 38 61 
 49 70 
 28 96 
 7 73 
 30 56 
 71 94 
 29 97 
 41 71 
 4 40 
 44 76 
 10 83 
 34 68 
 25 99 
 55 90 
 15 54 
 7 50 
 18 59 
 59 97 
 17 100 
 29 74 
 48 87 
 21 70 
 41 48 
 6 90 
 12 21 
 44 53 
 23 30 
 22 34 
 1 11 
 74 81 
 34 45 
 53 58 
 85 90 
 45 54 
 37 50 
 56 63 
 2 92 
 43 93 
 3 57 
 22 70 
 14 66 
 7 27 
 26 40 
 78 87 
 97 100 
 89 96 
 48 64 
 19 37 
 11 33 
 6 67 
 71 84 
 29 87 
 21 83 
 81 97 
 41 61 
 52 70 
 25 53 
 44 66 
 74 94 
 13 84 
 16 89 
 36 67 
 15 44 
 55 80 
 7 40 
 67 91 
 5 79 
 28 99 
 29 64 
 21 60 
 6 80 
 25 30 
 2 46 
 62 97 
 14 20 
 34 35 
 25 66 
 12 96 
 51 87 
 3 47 
 15 21 
 47 53 
 13 97 
 18 26 
 59 64 
 70 73 
 17 67 
 36 80 
 9 63 
 28 76 
 47 89 
 21 37 
 6 57 
 11 23 
 92 97 
 21 73 
 73 83 
 33 47 
 39 90 
 31 86 
 10 63 
 51 64 
 2 59 
 43 60 
 14 33 
 74 84 
 32 87 
 51 100 
 24 83 
 17 44 
 35 92 
 7 30 
 5 69 
 58 81 
 9 76 
 69 90 
 80 99 
 6 70 
 2 36 
 81 100 
 20 90 
 13 51 
 32 64 
 4 82 
 51 77 
 24 60 
 43 73 
 3 37 
 1 76 
 5 46 
 17 57 
 21 27 
 50 90 
 42 86 
 2 13 
 61 99 
 25 33 
 11 98 
 12 63 
 31 76 
 32 41 
 51 54 
 43 50 
 84 88 
 87 93 
 4 95 
 32 77 
 24 73 
 65 74 
 35 82 
 76 83 
 9 30 
 96 98 
 28 43 
 36 47 
 47 56 
 38 93 
 58 71 
 9 66 
 77 84 
 69 80 
 29 44 
 42 63 
 61 76 
 80 89 
 8 70 
 27 83 
 39 57 
 10 30 
 42 99 
 2 26 
 62 77 
 54 73 
 13 41 
 31 89 
 32 54 
 23 85 
 24 50 
 43 63 
 35 59 
 1 66 
 46 74 
 38 70 
 17 47 
 76 96 
 49 79 
 28 56 
 15 86 
 18 91 
 58 84 
 61 89 
 27 96 
 31 66 
 4 49 
 23 62 
 35 36 
 34 77 
 13 54 
 53 90 
 4 85 
 45 86 
 24 63 
 37 82 
 56 95 
 36 37 
 5 49 
 38 83 
 57 96 
 58 61 
 50 57 
 90 93 
 69 70 
 42 53 
 15 99 
 61 66 
 7 95 
 27 73 
 19 69 
 39 47 
 30 78 
 31 43 
 91 94 
 23 39 
 2 16 
 54 63 
 12 66 
 13 31 
 32 44 
 84 91 
 35 49 
 22 79 
 1 56 
 87 96 
 34 90 
 86 100 
 38 60 
 57 73 
 17 37 
 76 86 
 9 33 
 68 82 
 26 85 
 79 97 
 30 55 
 50 70 
 19 82 
 20 47 
 60 83 
 11 78 
 12 43 
 52 79 
 31 56 
 23 52 
 75 99 
 1 33 
 13 44 
 25 98 
 64 89 
 37 72 
 3 79 
 9 10 
 26 62 
 46 77 
 59 96 
 49 82 
 7 85 
 8 50 
 48 86 
 19 59 
 11 55 
 12 20 
 30 68 
 31 33 
 23 29 
 75 76 
 41 83 
 1 10 
 60 96 
 33 79 
 52 92 
 25 75 
 53 57 
 4 52 
 45 53 
 24 30 
 64 66 
 10 95 
 56 62 
 14 65 
 34 80 
 5 16 
 37 85 
 65 67 
 38 50 
 57 63 
 49 59 
 68 72 
 15 66 
 7 62 
 27 40 
 98 100 
 42 56 
 29 86 
 48 99 
 11 68 
 12 33 
 4 29 
 44 65 
 23 42 
 75 89 
 1 23 
 33 92 
 74 93 
 34 57 
 53 70 
 25 88 
 64 79 
 56 75 
 3 69 
 18 48 
 38 63 
 17 89 
 8 40 
 48 76 
 40 72 
 19 49 
 4 6 
 63 92 
 41 73 
 60 86 
 25 65 
 44 78 
 37 39 
 3 46 
 14 55 
 26 29 
 13 96 
 38 40 
 36 79 
 15 56 
 55 92 
 7 52 
 27 30 
 59 99 
 19 26 
 18 61 
 71 73 
 30 35 
 9 98 
 29 76 
 21 72 
 60 63 
 52 59 
 4 19 
 2 58 
 33 82 
 74 83 
 66 79 
 45 56 
 32 86 
 37 52 
 2 94 
 43 95 
 1 98 
 7 29 
 67 80 
 59 76 
 78 89 
 89 98 
 9 75 
 48 66 
 8 30 
 6 69 
 11 35 
 62 86 
 41 63 
 73 95 
 33 59 
 10 75 
 14 45 
 74 96 
 13 86 
 32 99 
 16 91 
 36 69 
 7 42 
 47 78 
 59 89 
 5 81 
 11 12 
 58 93 
 9 88 
 21 62 
 61 98 
 40 75 
 33 36 
 44 45 
 10 52 
 2 48 
 3 13 
 62 99 
 22 26 
 12 98 
 37 42 
 24 72 
 43 85 
 35 81 
 55 59 
 96 97 
 88 93 
 47 55 
 26 32 
 67 70 
 59 66 
 70 75 
 77 83 
 9 65 
 28 78 
 47 91 
 48 56 
 21 39 
 5 94 
 6 59 
 62 76 
 54 72 
 33 49 
 20 79 
 39 92 
 31 88 
 32 53 
 3 26 
 22 39 
 32 89 
 24 85 
 43 98 
 47 68 
 58 83 
 9 78 
 77 96 
 50 79 
 29 56 
 61 88 
 27 95 
 19 91 
 10 42 
 2 38 
 73 98 
 13 53 
 32 66 
 28 32 
 1 78 
 46 86 
 17 59 
 58 60 
 15 98 
 21 29 
 40 42 
 5 84 
 10 19 
 8 95 
 54 62 
 11 100 
 12 65 
 39 82 
 24 39 
 84 90 
 3 16 
 35 48 
 95 99 
 1 55 
 65 76 
 36 49 
 9 32 
 76 85 
 28 45 
 1 91 
 46 99 
 58 73 
 50 69 
 69 82 
 42 65 
 21 42 
 80 91 
 8 72 
 27 85 
 19 81 
 11 77 
 39 59 
 30 90 
 31 55 
 23 51 
 75 98 
 54 75 
 20 82 
 13 43 
 4 74 
 23 87 
 16 48 
 1 68 
 46 76 
 5 38 
 17 49 
 76 98 
 15 88 
 7 84 
 27 62 
 19 58 
 50 82 
 42 78 
 2 5 
 8 85 
 20 59 
 39 72 
 12 55 
 11 90 
 13 20 
 32 33 
 23 64 
 24 29 
 16 25 
 35 38 
 34 79 
 13 56 
 65 66 
 56 97 
 49 58 
 28 35 
 68 71 
 46 89 
 5 51 
 38 85 
 58 63 
 98 99 
 49 94 
 19 71 
 11 67 
 83 92 
 75 88 
 12 68 
 13 33 
 53 69 
 32 46 
 44 100 
 24 42 
 16 38 
 35 51 
 1 58 
 34 92 
 5 28 
 65 79 
 38 62 
 37 97 
 57 75 
 49 71 
 9 35 
 15 78 
 7 74 
 18 83 
 79 99 
 42 68 
 60 85 
 20 49 
 11 80 
 31 58 
 4 41 
 34 69 
 53 82 
 25 100 
 45 78 
 64 91 
 56 87 
 22 94 
 15 55 
 27 29 
 18 60 
 59 98 
 71 72 
 30 34 
 42 45 
 8 52 
 27 65 
 40 84 
 60 62 
 12 22 
 31 35 
 41 85 
 1 12 
 60 98 
 33 81 
 93 95 
 53 59 
 25 77 
 2 93 
 3 58 
 34 82 
 26 41 
 46 56 
 5 18 
 78 88 
 57 65 
 70 84 
 3 94 
 89 97 
 49 61 
 7 64 
 47 100 
 19 38 
 11 34 
 71 85 
 90 98 
 82 94 
 21 84 
 40 97 
 60 75 
 52 71 
 12 35 
 4 31 
 44 67 
 10 74 
 2 70 
 22 48 
 1 25 
 33 94 
 25 90 
 66 91 
 53 72 
 45 68 
 56 77 
 22 84 
 14 80 
 15 45 
 7 41 
 59 88 
 29 65 
 8 42 
 40 74 
 6 81 
 4 8 
 62 98 
 41 75 
 1 2 
 34 36 
 37 41 
 51 88 
 3 48 
 14 57 
 15 22 
 26 31 
 67 69 
 18 27 
 59 65 
 38 42 
 36 81 
 55 94 
 47 90 
 8 19 
 7 54 
 27 32 
 19 28 
 82 84 
 29 78 
 21 74 
 40 87 
 81 88 
 41 52 
 60 65 
 52 61 
 44 57 
 10 64 
 2 60 
 22 38 
 74 85 
 66 81 
 45 58 
 7 31 
 47 67 
 26 44 
 59 78 
 78 91 
 17 81 
 28 90 
 21 51 
 10 41 
 21 87 
 41 65 
 54 84 
 73 97 
 33 61 
 25 57 
 20 91 
 31 100 
 23 96 
 22 51 
 14 47 
 7 8 

